-782
-4033
6195
-2921
9515
4820
-198
6549
8808
-7415
8553
4366
5389
652
-5483
-1636
4984
1737
-3846
7904
-1761
4128
703
2642
-2763
-6607
-5455
9845
3526
-8650
8478
-6158
-7839
-8939
3193
5509
6356
-2474
552
8078
6821
-1376
-4664
-1991
-5076
-837
9783
-1570
-8780
-9019
-4328
5246
-3057
9197
-9271
1621
5554
-5256
-1919
-5307
-3055
-2856
-9340
-8435
-7567
3822
-1767
4796
5181
890
6961
-6423
-8952
-2149
3160
-3418
2680
1424
-2735
772
-9053
2115
-4101
4073
-5649
-8813
8425
1152
-666
5238
2528
-9082
9950
-4932
-7637
7289
3609
-8279
1645
-5349
-3423
4587
1099
-9117
-9830
8843
-4742
2201
1708
5425
3480
4051
3775
3042
-3433
-5697
2524
-9691
9733
-8416
-4219
4373
4269
227
9840
-8986
9392
-2599
-9565
5532
5782
-6011
2012
-7177
-441
-8180
4224
-5098
9681
8800
-7127
9810
7727
4118
7145
-8452
-7151
5321
-35
-7817
520
-7267
-1299
2225
-2344
9510
157
-6345
508
7460
-2663
1791
-3533
-997
-979
-5658
-9389
4495
3708
-6229
9306
-4204
-4187
-7627
-9842
-8747
-2097
-1743
1654
1971
8763
5831
4049
-5548
2136
-42
-9570
-625
-3465
3237
2952
7629
1731
-4285
-3367
-7298
9414
6682
-2477
1546
-7833
5254
-7148
-8185
-1742
-1309
168
2579
4990
493
-2803
2286
6761
5925
5699
7421
5096
4383
2674
9783
5500
-2980
-9770
9398
8249
7397
8979
-8607
-4276
-2792
5333
-5020
5963
-8589
-5104
3635
-2177
7647
3447
1347
8390
4235
6441
-2404
5998
-3027
-3051
4013
4289
8231
7109
3029
6640
-1445
4575
9215
-9181
-1302
454
-9198
9643
2012
-4640
-2954
-8143
5680
3104
-3468
7131
-950
-4914
2578
9348
-5647
-8549
-9685
334
-8626
5112
8207
-5112
-6342
-4807
4132
-6091
6739
-2891
-2356
-6018
4531
7062
-7399
1895
-4615
-851
-4814
6738
1539
-1524
2548
4231
-9587
9591
-5640
-1194
1876
-1633
-2023
5888
-9177
-8561
-1106
3631
-1126
2492
7883
8025
5456
-9473
7284
1
8123
6616
9981
-3601
-9587
-645
-545
5649
-5678
-4222
-7526
9397
7800
-3186
199
78
-6957
5687
5298
-9675
-6010
-8990
-7468
-5656
4107
9371
-3917
-9110
4934
-6426
-9889
-1101
7451
8975
3721
-1399
1016
5063
6527
3519
-2078
6662
1240
7201
5745
-5762
2254
3087
2818
-576
6920
-4775
2393
1430
2089
-5055
1525
-99
-2438
2069
8263
5793
5425
-616
-5882
-1672
1036
-8882
4858
3824
6464
-6449
3965
-5210
-153
6894
-4707
-879
3979
-6333
114
9708
5838
-9001
5304
-5192
6284
1655
-7615
3808
-879
-1914
1905
232
9383
4388
87
-4635
7093
-6046
5468
4605
2777
-9552
-8996
8942
369
-9334
7859
-192
-5645
-6762
2836
4532
-8318
1916
-6036
2771
9323
-8253
9578
-4868
-3967
-4857
2956
-3981
943
594
-4879
9280
2230
1272
4464
8388
-4907
-8241
-1285
8380
-8694
-6377
1663
1819
-7218
-7776
-140
3366
-667
4638
-1724
4798
-1211
-9302
-5572
1985
9194
-2473
7198
7437
-5933
7704
-4053
-224
-1190
-2925
959
-9591
-6102
1881
6213
-4520
961
-3653
-3931
-1541
8520
-3451
-2710
7152
-8873
-273
-67
-3067
-2904
9974
-4769
8476
8384
-779
-9337
9438
-8726
8360
2403
-5636
-4745
-8885
-4818
6836
3910
-4346
8504
-2354
9924
-918
6808
1153
-8781
1367
-3647
-1650
4856
6371
-6287
9874
3089
6793
-7204
6687
-2755
1157
8658
4463
-3035
7400
-9508
-4563
-2986
5783
-94
9456
1486
-781
1140
4741
-2822
-7311
2915
4765
-2032
1215
6018
-1249
-8218
-6887
6772
-1055
-6212
3965
-1555
-8332
8401
-6559
766
7985
-4996
6290
-2266
8212
3937
-6103
-2334
-488
8139
-7440
-8931
-3539
-4307
-3501
-5564
2216
8242
8515
-8480
8601
-6908
6281
7893
3477
3939
-9831
5902
5689
4505
-6854
-2332
4998
-3543
-6141
8137
1086
3324
3993
-5300
-4788
-2004
-7921
-6836
-9869
9445
-2460
6419
208
6036
8756
-2269
4518
-5176
-6166
1051
2243
4735
806
4538
4515
9571
-3147
9747
-4866
3426
-7407
6924
-4102
9233
-4645
5980
-4073
-3690
-9492
-3980
-6913
-9799
7205
-2591
-1901
3006
-4925
-5615
-742
6586
4517
-3585
-5786
-5574
-6816
-4629
7722
-4115
7129
7351
1377
-3814
-709
2542
898
-8177
8063
8385
1102
9664
-764
1141
-9207
3584
9756
4081
-7354
-3268
9386
1098
-6092
-1818
4071
1232
-4014
8073
-4140
-7345
-6857
6707
333
-915
3281
5049
1364
-1742
-8450
5878
8810
-9133
7174
3195
6534
-1287
1043
-7990
1432
-3164
-2103
3609
-300
-3105
3491
-5451
-4112
-2345
-6439
-3781
-4290
-279
-4567
2551
-2601
-2518
-9713
3172
-4372
-9058
-7673
-9604
-8510
8070
-7267
4686
7499
-5387
-5391
-8417
276
5103
7122
-4425
-7056
3811
4868
1181
99
5811
7781
-8507
-6476
8440
4295
-3990
-6598
5264
4489
-4809
-8992
7476
297
-9799
-7630
7910
7014
-9197
-8006
-5130
5007
-4191
5857
-4565
-9686
-4938
5717
2725
1841
-5477
8741
5665
-2122
-2951
4930
-486
-1642
-4865
-7301
1383
1808
4969
-9145
-948
-5226
7626
-6482
4223
-3315
-8625
8941
8873
-2576
3370
37
-9561
-4036
3573
-7544
-8237
6978
8873
9187
1774
4364
4568
-9737
6676
-3498
7707
-3546
8879
9111
8381
-662
8251
-1195
8306
-9945
8721
-170
-4414
1155
-7153
-7855
8380
-6568
8894
-9085
-6738
-151
-3969
-4538
7915
7969
-4961
9055
6924
-3135
8946
4290
-6394
-618
7204
-6830
-7342
4445
-3373
5223
5670
4773
5662
7597
7593
-4992
-99
1035
-8196
1698
987
-5973
-6514
-3259
4365
6335
3975
-5915
-1859
2745
2260
-8259
4423
3728
717
-8254
-5611
-8340
-9017
-8383
97
8499
-1281
-8199
-6816
4477
-540
8282
-2546
-4900
-3858
9493
9007
-4992
6
-2833
9031
659
3703
9478
6548
7223
-9396
-6788
-2112
1934
-4971
-3044
-5191
-1190
-2571
5626
5814
3254
-1094
9376
6303
-5600
6909
6814
578
637
3228
-9089
-7985
9441
4774
6295
8734
-3308
4687
-2296
-4214
-1796
3620
-5269
-1572
4032
-189
-4350
9206
1957
-8822
-846
67
745
5414
3235
-1350
-8227
4843
-5932
-1145
-3811
-9738
7704
-4077
-7841
-6452
5458
-3598
4479
-6743
-7182
-6172
-8589
8877
9618
-983
1147
-4104
-8041
7477
9905
-8619
-9690
-9035
7479
5342
-8969
6534
5037
6322
-8705
-1241
-7989
3291
3920
-4130
-7700
-3553
455
5547
8862
-6813
-1846
-6533
930
-1900
-3841
-9202
-1337
4889
-74
4839
851
-1686
-6472
9820
-4943
1140
-7898
7493
-446
-5661
3073
2564
-8058
1699
-7573
-9089
262
-9326
-8851
-2932
-5516
-1723
-6238
8945
6314
-915
-9994
1377
-6407
-2082
6383
-9981
8142
1078
-526
-3525
5514
-1654
541
-9894
-4357
-3878
-7033
3703
1746
-9123
6485
-7055
2215
-4853
-7254
-7111
8617
-319
-8931
380
2388
9886
9906
-3776
1619
7600
-2875
-6436
-569
2641
457
-875
-7980
-2964
1493
-1749
9551
-9321
-6345
1142
6517
-6838
8719
-9427
3288
3253
-2762
5850
-4087
-5493
5210
680
8881
9225
9214
-1853
2046
-8464
-9484
-2416
-7331
-9589
-2869
9121
1422
-9355
8967
8016
-6570
1671
-865
1778
3270
-7566
-6041
8773
-1403
9333
2862
3626
9704
-8985
-1514
-6844
8927
606
2666
-3634
2570
-8246
-2453
4839
-892
9575
-9013
4637
9162
3929
5323
8738
-1742
-9971
4643
-6923
-1661
4156
-6643
-8714
-3589
-2266
-4668
-3069
1346
7661
-103
-2894
-1198
2506
-936
9833
-822
-9029
-5634
7704
-5916
-1856
-7280
-4014
9526
7673
8710
-6961
1230
8608
4612
-1124
-8565
6282
2355
-117
8460
5101
5661
-3264
-3337
-3292
-5874
-5735
5906
6438
-3937
1060
-527
5132
-7687
494
-8474
9511
-9666
-1010
8921
3087
410
1465
-7667
-8070
-1272
3615
7801
217
-9110
-4006
-5699
7161
-5968
8726
4329
2829
2247
3545
4449
-6314
-3636
2732
-1996
-6218
2908
2084
133
-7042
5863
3506
9478
-796
8040
-8768
4028
3319
4121
4741
7748
661
6102
-882
2623
31
2540
8172
-636
-7959
-8454
-3644
-6965
-3270
-9101
8427
-2756
-4371
-7694
1973
-8458
-2969
-4429
6247
-4070
-5788
3189
-1962
795
-1211
-9556
636
4974
2304
8781
-9423
-6486
-156
-4706
9983
-3865
-95
-1324
-4959
-5118
9902
269
-2210
5978
-9346
1132
-4902
-4282
-483
5129
2699
-6890
599
4756
-9665
9196
-553
-9836
6752
5367
5924
6416
-4273
-1311
9060
-2601
1942
-6842
2277
1268
-4636
1676
-4164
8142
-2267
322
325
-2997
-7970
-4422
4985
7843
-1069
838
8539
6489
-6276
7256
6652
9584
-9027
-7302
8081
6884
3917
-4637
-7717
5041
2410
-9632
-4616
-5839
-4815
9001
-4800
-9149
-662
-9235
-5675
-3476
4080
2176
-9273
2618
-2194
-6583
-1299
9471
4059
8040
6812
8717
5372
6037
-4912
-1392
-1331
-727
-3701
1679
7971
5982
9238
8349
1501
-3228
-2779
-1895
-1209
997
-6254
-1166
-6487
-2110
-2015
8877
50
-5888
-3652
3280
1928
1614
6346
-8837
5620
-4493
4023
-3122
9079
-6111
6255
-4523
2819
-262
-6940
-2921
8250
-6237
6922
-3190
-7454
-5414
-7111
-5490
6381
-9443
4647
3026
6639
1144
1534
6690
8941
-6839
2316
5891
1043
8593
127
9462
5182
-6524
7604
1153
-7754
-6833
6281
-8978
-4983
4551
3913
-5038
-3387
-8786
-1805
9103
-3091
-3034
-4664
5888
-4617
-2529
-7611
8453
9149
6658
7669
1287
-8281
-6451
-374
-2802
-4223
-7622
-8662
2529
-8818
-9504
7075
-9144
6658
-3244
1523
-9374
6413
4017
-4687
-9539
3340
9243
5028
2784
2667
-5769
-5119
4286
3567
-8584
1243
-2940
-4139
5034
7906
-8498
8867
-5424
-6149
3803
434
-1287
-2723
-3979
-9977
4961
8976
-8890
5705
315
-1771
-7343
-3055
-3336
-4424
4940
-8134
6502
9568
569
-7884
-9468
-9355
9154
-4317
9461
1842
5628
9679
-320
3082
7110
6884
-492
4340
1772
5012
-7432
2884
4487
355
-7716
-6833
2390
-1685
-5356
7913
7653
-609
-1300
-2371
2411
-2410
-2497
6715
-3529
-1476
2668
5216
-4618
9122
-5398
5002
81
9129
-2210
2239
-4250
1561
-2503
8036
8396
-2711
4428
-2802
-5967
5101
7652
8064
5488
-6784
-6103
-3390
-920
1662
8177
-7265
-5674
2234
-3975
-9939
-4783
-6484
-2472
1352
-234
-1953
-6060
6424
4550
-2133
-28
1994
117
7102
-1961
4088
-8233
-386
-4751
9995
-7295
5389
-1050
-8566
3201
-9992
8464
8708
5694
3809
272
-1824
-6109
2575
1706
-7928
1696
-2348
-4342
7402
4380
3480
8775
-5816
1681
2944
-5527
8667
8705
-2297
-6961
-9826
8589
2935
8839
-1290
-4258
3753
-8605
-1144
181
-5154
8998
7014
7228
7284
-7226
-6780
-7753
8479
4615
1797
835
-6768
4576
-8275
-323
7969
7374
9029
-9449
5120
-728
9963
-1339
6525
1079
-262
-2560
4939
-8737
7578
3597
-6900
-6300
6775
-1692
-1399
-914
5151
8433
-5888
-5841
760
1064
-5887
-3821
-5047
-5494
-2951
-1975
-7209
1729
-5456
2999
-3082
-4291
1599
-4108
765
2643
-8694
7319
8035
-8775
-3425
3238
377
5638
6126
-7198
1728
-2320
1136
-6479
-9317
-1307
2299
2183
8115
5587
-36
4453
849
-6710
-6820
6146
-6522
-4194
-2643
2895
-3378
-5445
3116
-6381
-3667
-1298
8107
-9044
-7130
-7568
-1795
4074
6323
2635
1884
1367
6431
2976
-312
-8675
-2386
-3542
-3741
289
7778
-4780
-4727
-864
-8099
2463
-1515
-1875
6552
-5596
3015
546
-5398
-5801
6220
8933
5647
135
-873
4025
1187
7624
-9875
-8348
2459
2481
-3307
-5527
-8757
-5575
1692
-455
9067
-1608
-5491
-2127
9800
3308
2472
-776
-1726
8685
5672
5152
-4799
-9509
8478
-7648
-2245
961
5494
1339
-3436
-8645
-2567
9504
3141
7606
1056
-6917
-9565
-7383
646
5112
5262
7830
5866
8856
-8179
6892
2831
-5326
-9509
45
-9520
-2187
2246
-3378
-2351
5588
-4489
-6435
-4022
-6543
2647
-4812
4153
4872
-7749
9347
-2196
9285
5411
-5736
7578
-3003
-6323
7986
-1932
-8087
3439
-1470
9621
-8645
679
5895
9387
-5885
7155
1517
2465
9805
-3215
1913
-6067
-9718
6874
-2810
502
475
-9873
-7583
353
-1960
9111
-2008
3015
5565
-3441
-9116
-5556
7013
-8849
7909
6774
7089
-2697
-2474
7714
6111
-6498
9926
-6404
9616
19
-6085
-3399
-5593
-3389
-8866
-8977
-5791
9776
-1191
-5382
3249
4406
-5100
8207
-6648
-3149
-1988
-9988
8180
1981
-1690
2444
5968
-7110
7595
9047
-3297
9287
-8778
5169
2151
-2601
713
-8372
-3519
482
-2539
-8166
-2234
-6133
1110
987
-7844
-8475
-4635
-9944
468
6232
-5466
-3304
-1669
-9462
-9132
8630
-7615
4166
-704
-3654
-4221
9447
4941
-9682
4429
5110
-6896
-5326
6773
5893
8218
9951
4390
-2494
-1593
3411
8434
-5719
-5662
-8793
8148
-4056
2181
-7171
4731
-9684
-8805
6512
7770
-6340
-9922
-1473
-5371
3077
-9071
-6010
-3222
2849
8779
-7951
-9927
-5483
7212
-6636
9900
937
1123
-4380
-4576
-3472
-5746
7247
-4331
-2671
7597
-8390
7826
3818
-4506
8274
577
1738
-108
-6867
-8272
4902
8782
3861
6448
2919
6621
5727
6078
286
5341
5380
2790
-2834
5138
5215
4762
-2044
-7699
-8546
8943
-7291
-5820
9559
7838
9529
7642
-2488
4283
4841
1907
2096
-2135
3422
1291
-3366
-4271
-1628
5406
8823
2583
2893
4700
-9435
5352
-2007
-4061
4219
-3216
7548
-9178
5718
341
-4145
2472
103
7491
8807
9755
6160
-1713
-3852
4613
6352
-9720
-7164
6725
3624
7753
-6192
6535
-4696
-2755
-4701
142
4214
8990
-6686
7138
1843
-9603
-1523
-8187
-7470
9871
-3730
7887
-8829
1985
99
-6840
6925
-565
4551
5794
-5843
8426
126
288
-612
-3231
-4637
-7873
9772
8500
7216
-6927
-9396
5920
-5810
-1656
5534
6854
-4021
9314
4413
2802
-6891
-5269
9352
-7844
2844
8818
-7057
-1920
7462
-4982
8324
-1499
-7511
-5835
-3669
-1825
4215
-2859
-8038
2783
-6087
-5212
875
-7365
-4287
-7733
-7989
8464
514
-2214
-6336
2400
-5952
-9809
-6868
7472
-570
6017
9979
813
2829
5988
9979
6133
-1380
-8524
4637
1354
3709
9695
-208
5945
-494
-6849
-4401
2432
-1474
-4808
1379
8001
2754
9195
9060
-3537
2228
-9909
-8746
-8201
8304
6068
-5027
-7833
-9882
-2729
9234
2390
-3497
-198
3193
5176
-7635
-6170
-9509
-5285
7294
-976
-5807
7273
5205
-2133
4357
8883
-5752
2962
4765
-8939
7782
9143
-1752
8625
-638
-2645
6462
1570
7613
-6953
-3468
-1538
-8694
-7096
5415
9049
-6390
8292
-2202
-6918
-2690
-458
9068
2488
8033
9260
-3728
1310
-3221
2744
-4400
-1761
-6974
8158
-8136
-5344
9356
-2820
-7101
-6488
2079
9985
3326
-1417
8023
-7833
-9774
-9918
3236
9826
-1665
6028
5900
1436
-7630
6881
-4596
-9000
1806
8010
-8319
-6482
-1223
-1320
4490
7358
3808
-8757
-7681
4003
-8827
-9590
2742
2512
4372
-5582
-7749
-9340
8578
-8871
3627
6946
-7509
8456
-9771
1751
-349
-2031
2427
1573
3726
1865
4682
7376
298
-8014
5278
8065
-9067
6457
9703
2922
-6963
6150
3207
-1716
-793
-8841
-9915
8096
5621
-8500
-2674
-8975
-441
-5621
-9717
6680
5475
-4363
-2023
7616
-891
4684
-9011
-9303
1068
5098
9591
1128
-3776
8776
1972
-8480
6579
-3244
9933
2148
7037
4495
6167
8679
-9192
8600
-6957
2115
2461
5554
9856
4340
-3267
6266
-3034
1899
4031
-6789
6014
-5409
8614
-1400
5443
-4509
583
-5973
3950
-9588
8198
3394
821
-3803
7979
9743
-7875
4206
6805
6219
5393
-6648
-3380
798
5520
-3391
-1821
8727
-245
-6626
-1064
-9394
-1909
-6591
627
7236
9010
8657
9484
-3320
-6301
-8922
4303
2066
4761
-7039
-1098
111
-3480
2379
-4355
529
9510
-7176
1676
3461
-7602
4881
-1459
-4268
-8590
-5645
-4853
-4704
-674
-7464
775
-5398
-8135
9917
-8196
-7488
-8675
-4700
8959
8133
2606
-3223
-5312
8842
-5617
-2020
1506
1123
-3307
3269
-3038
9824
7590
-58
9870
3586
-4249
5941
1519
2764
9324
6305
-2775
5278
-1615
-134
-5969
-9995
-3656
7524
4311
-6482
8004
2042
-1934
-7154
-7791
-1224
-261
9443
6382
6596
7062
1322
-7858
-6333
1586
410
3724
7418
4340
-6793
-3610
9101
-3387
-9920
-1966
-4344
5356
-6503
-3734
-2653
9308
-1498
1298
-5646
8480
-5742
2942
5321
-9370
5436
-5234
-4906
3592
8631
9335
7053
5872
686
-1115
-1276
9396
5184
-5932
8025
1623
5211
-6593
6475
-2282
-5618
-5516
5081
1901
-8532
4495
-5226
-5882
878
6001
1584
6067
5058
-8894
3163
-7909
-7265
532
1320
7754
219
-9358
1972
9880
1906
-4324
6066
-8485
7356
5442
1703
-3101
7960
-7651
6936
-5916
-7580
-6288
-6443
-5014
8532
2173
9322
-949
-8144
-9379
-8229
6764
1017
-6034
7083
-1409
-4333
-622
1795
-7116
9172
1627
993
-5479
8514
7773
7902
-8537
227
2606
373
1518
-3019
-6322
7751
-5998
-1081
1562
-8528
-7891
9364
1415
-9949
-3556
3377
-6156
5188
-2709
8973
-1224
-1529
9598
1517
790
5042
-4226
-8486
6147
-2056
-8958
8957
2997
-1439
-1467
6184
5784
759
-1154
5700
-2203
7256
-7034
3875
2900
7683
-2047
6686
7186
-4513
-4832
7869
2953
9296
9520
-7923
-5936
-2865
9947
-9500
-7255
-6188
-9631
-5524
3782
1746
-2470
6801
4127
-9075
-6571
319
9929
-6734
7794
-9174
4561
-6030
-5183
-3649
-6420
3159
-720
8004
-5103
9328
6260
704
4645
-803
919
4709
-9512
-2233
7881
-4644
2278
-3379
8325
904
-5250
4824
6645
2330
-748
-8621
1451
7078
-9346
7995
-1599
1926
-9641
3657
-1065
-5403
-4640
2240
-2214
218
-9111
-260
8247
4505
-4326
9472
9720
3762
-6651
2940
1903
-5816
-9974
-1253
6183
9480
-4065
9021
-1461
-2808
-6508
3549
473
8670
6515
-9213
-4618
-4193
4398
-5223
2845
-3319
-1828
-8432
8870
-3568
3359
5214
-6828
3448
7680
4216
4227
-7829
-3924
644
751
6686
-5615
9775
-3550
4800
329
9036
-9361
-2677
-2316
-7730
-4083
7350
8313
-7093
-6844
2228
4624
66
9099
7555
4744
-597
-6676
-7879
9618
955
5377
693
3243
-5111
-1974
-7015
5607
-7620
-7935
7952
-3801
-1133
3733
-3244
2849
-8281
-7780
-7064
-1307
8770
9285
-8803
-1713
-5877
9323
9631
2273
2410
7053
1944
-7912
261
-3790
5651
-7298
8135
8182
-6831
3769
-1778
2901
-5154
-7341
-1690
-2792
4003
-9226
7351
-8526
3261
-71
-7578
-2962
676
-1904
5702
-1347
8034
-372
-4228
-1639
-368
-9969
-9649
523
-5744
-87
-3328
-3699
5051
6489
-1148
-4250
-1956
1770
4686
-6894
-5648
-3667
-3618
5812
6822
7604
9880
-7916
-5851
5180
1713
-1923
802
-1928
-6928
-5552
3384
8440
5867
-9700
6204
37
-4722
2941
7008
6536
-6143
-6468
6816
-9818
8560
1179
-9813
9694
-1367
3611
-9042
7545
1573
-4239
1381
-7822
-4549
-3384
-8643
4361
-6011
-216
7805
5059
4519
-9742
487
5755
-3746
-6673
6590
-8127
-3501
956
4920
-8325
-7947
-2085
-7730
-7540
5388
2394
1778
-4648
-1683
-9137
5665
1582
