3.161940771977940	8.358027177446070
6.177516795934010	4.681663637875550
3.514020430705100	8.835358780731860
6.388199940969060	4.800801024262760
6.892524236872110	5.650151979817690
6.623267787526090	5.909665601797860
3.334962538557500	8.991916977944730
3.594274506984740	8.635256328730400
1.417379996133950	1.339414257877470
6.784158439897480	5.087834584886290
3.965927164659200	8.439298329745200
6.521811558732050	5.729428402330140
6.522028842631650	5.409555496858820
6.629940717496050	5.323633159077320
1.464995756642910	1.376862236102040
6.763222947507390	5.396182879974290
7.336387467554540	5.919022019947190
2.953132694850160	8.239880355542110
3.414682570318390	9.196121381786670
6.733845764210440	5.710759703333910
6.740634561435210	5.137218439981480
3.313354618697900	9.214986756619950
7.100545105853770	5.158667017705460
6.779500840040880	6.146704934578940
0.818810828336385	1.396886619152680
2.588399597464210	8.636579519660580
3.275159775047750	8.760674173523800
3.121288145756140	9.052794679691400
3.400322618083690	8.879070495539230
3.288292376550320	8.915788655843600
1.117510902933660	0.947121267726525
1.339105232364710	1.427448027751540
6.854983884998580	5.324743689923680
1.095609045511230	1.202410836395660
2.928914167450280	8.121169013602270
3.493858233176230	8.917415132817440
3.387323893744310	8.920805564486690
3.625642044112800	9.111867154689890
0.974835822540580	1.104842153974710
2.228587656272900	1.046000269153850
6.810379907450340	5.481764143946140
6.514517554158320	5.370085980491210
1.667125212712010	1.332749429609680
2.512784652782570	8.668167880176130
6.650517298183030	4.842995552697730
3.256886395725520	8.563554012971450
1.885263736854370	1.363239755695290
3.670912563860710	8.532500279384020
3.111210865289790	8.479403123931860
3.239410338187040	8.597636458411940
6.797119349295230	5.811393509226950
5.968904962530110	5.273950280438040
6.819162479118870	5.112130129252050
7.055286500226460	5.263259412023910
3.152554495680560	8.919939352529920
6.605593569659320	5.549369525221160
3.147732654307160	8.798633546224030
3.069179053990760	8.279249146624050
7.152587529231840	5.479044565909530
0.803818605510305	0.760696339624916
1.429529037178730	0.704804932742824
3.624155906460740	8.225170703703320
6.282498492456710	4.817462936434190
1.017528910903090	0.898303723328438
1.511290435859480	1.361385861768580
1.035500978869960	0.871757641846372
3.255182840652110	8.873422614060180
0.894579460817650	2.049546303958850
3.017306483344910	8.921600683456980
6.759580228149170	5.457408091325890
1.132662027923390	1.293389208572760
6.572922628918250	5.853907590168510
3.880963712224700	9.444067748795200
0.516499195250670	0.899966269712805
6.128455049332690	4.832596245137870
6.758202477253180	5.483215498307770
2.528154844724470	8.989293242065170
0.753121892635495	1.872969759837320
6.849239851090440	5.436494992639480
3.080607963170430	8.478620896161980
3.250976629263650	8.678234825835520
3.269763119475160	9.082268680110420
6.452862656434920	5.361730046044350
5.925018173509730	5.043961243899060
1.514828252944330	1.894806167235920
0.743298635680212	1.258951901465770
3.286772473035590	8.522260645081820
1.686342406291760	1.213505442145640
6.463753257999580	5.103761778502890
3.059155792399510	8.426615894453740
7.268607844607050	5.803476631992240
3.479416156254040	10.000000000000000
3.015996586437740	9.096870085539390
1.480205750271960	0.833900855054380
1.096285995270690	1.173421663237700
2.954633016362090	8.585243827154980
6.090316088169620	5.186580369982190
3.898104781134820	8.716622531446380
1.533072174468520	1.187965967464060
6.955894059142270	5.522661497354310
1.390708283398200	1.225468002103060
6.188912899947590	5.419315340345370
6.484115229339790	5.683864148433810
6.985457641599540	5.672325144127980
3.959691597050240	8.257612768083140
1.247047585421580	0.963867272595791
3.394478372333200	9.054995407283370
1.144258876024800	1.394435618709710
3.582575445794690	8.396465465846270
1.377959282825680	1.061283665051670
3.632566862635290	8.876567608384170
6.519924189161940	4.922569617666120
0.867172571470188	1.399572940417060
6.693684133245620	5.979872639383000
6.135670056054570	5.542532534841360
3.470881810502620	8.306262902588820
1.023055902155160	2.011720733565200
1.039425263520430	1.624865167339000
1.178650246532570	1.340548824306000
6.833899965012820	5.198761751321090
7.160851202042380	5.451252568401930
1.190498001483060	1.485262677298290
2.864721756307350	8.663349574766660
1.122574443193530	1.328817787751290
6.956563441677570	4.514139899902340
3.376942625906470	8.391308794119040
2.707164520456950	8.407335293494650
6.652003953739610	5.423983972925970
3.234337518202100	8.591894035542990
2.913569319632910	9.159392519280560
1.046722204891680	1.073243176273890
6.702074480793750	5.630221836179090
1.716368099672100	1.330597643924350
6.563428860447300	5.933648604507250
7.114485066627800	6.117754464227980
6.595876988152250	5.360294425325600
3.079967072693670	8.299426655791410
3.560995242091920	8.409744597806970
6.520999793228010	4.717608499513250
3.568329353223100	8.699412634506800
6.552766765019370	5.598513180473300
1.551790353015920	1.158834567437300
3.371768750244720	8.622689910942520
3.284027809213450	8.892057355960540
6.387439285778300	5.189652838356400
6.587770325060800	5.444346878775940
6.506558438347510	5.195253603358690
1.034928738618750	1.424345037189160
6.438369345019660	5.776628469625530
1.420087129567930	1.626163871360320
5.850138217910460	5.577343388492900
3.097090843455810	8.696150549391300
7.076068629937050	5.615251154095780
3.166534833824430	9.385854592302310
7.000432875901530	5.288337558473270
1.896213298647840	1.358460491804460
6.427830275503420	5.398370262418290
1.234058597322420	1.395710553325250
6.570281821012000	5.453468960828350
7.161053134184370	4.712454823069570
5.970497499279410	5.852281392102780
6.610315050223920	5.178013758154610
3.744187300109800	8.781252752887470
3.260183351861670	8.932407535638620
3.256820421728950	8.445608217606720
3.266968441672270	8.564550721248040
7.070157285676540	5.651495996285440
0.943581347904356	1.001665144425270
6.730304770239450	5.370579002879970
6.329873879980270	5.524170653771540
2.965542233268390	7.892857568456590
1.136051318256600	0.772052462633441
1.705299656323300	1.175923953736940
1.182950224718720	1.438007125065840
6.395476617636670	5.030806755162810
3.031662484849460	8.342869999312620
3.231136599192080	9.239413325539790
6.716125554355790	5.455250137556720
3.300362201092450	9.074089155443130
6.968801209601410	5.578046078378940
3.632084250096160	8.810215260115470
3.117938626744490	8.657884477239750
3.718651347016070	8.836773025560940
1.285356910893770	1.445234311107180
3.192908747774960	8.164074350783180
1.282982560541280	0.959662393926811
7.048977275579850	5.546854843454440
6.635262451212890	5.625818503346540
2.960540946367330	8.738805595889490
7.037533073119230	5.473620860095150
3.209299261851260	8.961149519096620
1.353585441355650	1.271858388449550
1.408544434476410	1.178445742467830
7.149225001327630	5.259115151235730
3.140807475068950	8.762182614201460
0.759883945162874	0.872797479208453
6.496520277190980	5.041354983298450
6.483995714455490	5.059492625439880
6.429205514151810	5.608188491133990
2.800197881844420	8.538683860146870
6.907547486239010	4.979637052122640
3.425411547504320	8.133941259178380
1.953989358749280	0.687609935385413
6.862944030758360	5.161590311842870
6.719569332798860	5.210229251477040
2.711922299981720	8.367385726942020
3.580187060269880	8.696438045349510
1.085002775683150	1.351965997142950
7.362978683627390	5.505494028737180
3.011613996423700	9.280027084818930
3.177244707528610	8.408257798274520
6.967842463939680	6.006831623003180
1.136540437764630	0.973085008133569
1.723772543666560	1.468278093141420
1.372338834944770	1.283467469047820
1.171955694527320	1.688199474850060
3.042269112953580	8.512596050179800
6.221384847812080	5.060358824989590
1.118141441487730	1.544105811124250
1.091033314358910	1.132545869539410
6.734369927440940	5.257061397531040
7.303126179739020	5.638306843699220
1.242860683055120	0.991556935918984
1.155070355481080	1.036325125828520
1.061145020009090	0.955360591080145
3.478527029920210	8.855294309957110
3.505139273006900	8.556444506732090
3.110119049125890	8.608540328198820
3.289674244650070	7.884914529109770
1.114877898131320	1.315709393012790
1.199298412940180	1.508317631770250
0.852158752050031	1.193271608016590
7.168526307004000	5.492846795494060
3.483632143827120	8.923838814786520
6.739133579299850	6.107290338658340
7.178828789654700	5.299531909636530
6.404039153429090	5.628457930901000
1.579589098303180	1.513182073448570
3.115183248817650	8.865966815236940
6.626889597364030	5.374917286347060
3.054316529794400	8.508575519742610
2.980740327309520	8.169424977832300
6.669694833867360	5.516946913386180
3.138704120675620	8.523344955934030
3.372094025256540	9.139680476805420
1.384320789352380	0.936919514180731
2.870854576134110	8.393525631561160
6.740537425573840	5.329477686755620
1.416588305436600	1.388322894821420
3.470388382638600	9.203125464694380
3.148123158700150	8.262048055494710
3.593712422312660	8.842768977560290
2.874317485720630	9.150628750767120
2.769910239817130	8.397319801733990
6.621421919402780	5.274571889915300
3.211286970832570	8.465506794038790
1.103755068913310	1.485883291781350
0.740916437241804	1.240399034694580
6.552379046389190	5.034272902730100
1.370435132517630	1.008366560052960
6.217012927682100	5.382758023603150
1.559939098571360	1.564821074267560
3.281993953737630	9.147066484390980
3.426425607921910	9.535990647914630
3.248489492821590	8.370350258320360
1.301134207480560	0.779945619369594
7.053188030602400	5.364820689103140
3.814128961204240	8.685628140659730
1.751762569120020	1.042812007086710
7.075007102181400	5.238017899747770
1.484057089288790	1.623530563314400
3.419877103675700	8.810765170932460
6.130186566807310	5.014977235984850
3.451048277691850	9.141948196766910
1.619628411007820	1.785980312320210
1.023813506504400	0.968497923167452
3.431242430896540	9.216680267630210
3.605591262155730	9.312318449567580
3.177045380835460	9.331364325996330
2.196258708988720	1.381425655859190
2.985221904056770	9.244632102865350
1.160525151152410	1.247691831033850
1.367089283944410	1.476303168527600
3.551835971146220	8.827391636978490
6.723847381295660	5.398466555261820
3.115539290685850	9.094626488269370
3.208482011540760	8.750448121537510
6.740522463855770	5.570303062301520
0.898311141010898	1.772268070298290
3.488021782627840	9.003358042604670
2.947049325437420	9.104792527903150
3.395931742930790	8.865612224219500
2.715556146974530	8.800788524972490
3.144597231750120	8.449313257241150
3.310395497069510	8.641491852379560
0.720432664167844	1.293782084167790
3.047232783721830	9.026005411948750
0.741989487874188	1.274576527767670
1.023448335199510	0.568189478730926
0.534165869214691	1.749325458877550
1.854746971204620	0.984944331527110
6.909633094726460	5.445730617568000
1.740919497510820	1.348395078833260
6.225707930564560	5.721653807524370
1.045724500812870	1.582392614835000
2.916808297779190	8.359513015971600
2.891432782217610	9.196292901749980
6.801036116862780	5.042800733619360
1.162158933799730	2.177537724504290
1.245651700818730	1.185699122108790
3.000721827658800	8.600094778356590
7.165129588435480	5.550922250420220
1.570689651215920	1.321037834625750
1.767896286971180	1.766497532838350
1.172611458566900	1.225769813007630
1.849728486210450	1.289053602754810
7.139368757533580	5.255561669776040
6.556348839145840	5.325561641564550
3.184812918489330	8.764051736430300
3.427979727021750	9.063215558476720
6.964029090313510	5.657625753721440
1.120604586311200	1.851576756868300
3.368255846093860	8.248518577107490
7.024193656730770	5.471315426009210
0.436412609155502	1.425950228292480
1.282052637179900	1.646269903827100
1.396944333574980	1.241537843936590
6.904170612078820	5.615971548681870
6.745722512308600	4.981756026285030
0.480314768324726	1.378450022924610
0.984789548347065	1.637999965975720
1.362005117891150	1.071736830573420
1.256051534085890	1.319979030324960
6.918418213132040	5.027854696752000
3.384525447493330	8.436096984339300
1.063729949012290	1.153487983838660
5.934833959656830	6.206336753259300
2.839128034217800	7.959073363824590
6.243095517731840	5.010900609006710
7.026837671601110	5.660685447188730
6.808439340068770	5.692020327475170
1.009451348843840	1.097512905727090
3.456844820020700	9.128096471791030
1.414005279559960	1.445504825267470
6.650897740141720	5.240112587792550
3.113457916834760	8.579581869991710
1.912250675421780	1.211093923294630
3.340200996574940	9.174835420557990
1.057316391526920	1.725886716811750
3.409832403093100	8.797835879299570
1.195189019640190	1.346788592329300
4.012332021701420	8.071934442604210
3.008677002458240	8.692686808011410
1.060621610288370	0.919817124046301
6.357831491746050	5.247635971252720
2.956094216684270	8.356064883700140
7.051986407992800	5.583949216002910
3.391378534130230	8.871718461863100
6.916343788594390	5.688845946439050
1.817568449399690	0.602121410628281
3.303123366266740	8.966445305416110
3.045587109071010	9.204480947261760
6.993915476248380	5.266781479078500
3.356507066188440	8.662201417049140
6.487695740106920	5.622873440101300
6.663564321600700	5.240836362125770
1.085389268624770	1.851692230786310
2.754004086757060	8.693991462503840
1.908108367906760	0.720153299464333
7.143964045635470	5.403061861197570
3.154509439177590	9.072672697902200
6.168251342548010	5.460945840495160
3.360900369850290	8.540953953669490
1.333729415291770	1.057211241104890
3.021612593689930	8.568726423017870
1.277963795012290	0.889818086222557
1.308013461790060	1.207124749087340
3.299534586497130	8.242922771760150
6.886319588773130	5.723461212189240
6.894558489701290	5.667818277614990
3.165086677507040	8.916502976317550
6.525654143964450	5.385629651010530
1.002839157761690	1.601985237942080
1.094829906344250	1.074458520573770
6.737814236168200	5.175399849432560
7.268868953223920	4.984086855393690
1.447008683351130	1.699344201108470
6.953711278012490	5.871684766790000
1.132273039946980	0.996761994287926
3.648193838419880	8.649745337254620
1.019510226552280	1.240294160612290
1.524105655870750	1.320275844004320
0.927007802707316	1.312743393378010
3.297168834805000	8.193263676146870
1.695034654821650	0.890269048434728
6.950828267531350	5.102543092148040
6.500169144302540	5.079745869872190
1.566363686921660	0.917189330888964
6.597548093121320	5.839587568265530
6.919552669296880	5.558072410670870
0.869448729218141	0.886384142441106
6.436489679921260	5.566388362737190
2.992623980045070	9.057800860390960
0.713163714654798	1.696323509705740
1.159860344660990	1.087437197253800
3.132132496379560	8.311822428724120
1.483026503009510	1.625706148966520
3.547463983851170	9.497551304962480
1.515659959467690	0.748094651261470
3.588433701155470	8.498153003027340
0.648417466060359	0.675242979343266
2.934418139784390	8.158769159671820
1.434607399312460	1.053900737508730
0.997895311922631	1.064603061069940
6.613898922490290	5.578711568112450
7.236811594690020	5.402650077101640
3.393420592616480	8.449066461120420
6.838143567286960	5.809538174840520
6.780667989764390	5.590539077346850
0.760722862135393	1.484092339852770
6.911468393799620	5.048195676980010
2.880090210905010	8.718805704440340
2.981904610795400	8.068478059169590
6.482404263497640	5.217995310792320
6.452233521168510	5.957090160208890
1.411065256934620	0.674003465626349
6.462187862502240	5.447975203828740
3.538060856730370	9.193229982274300
7.093576075306360	5.646936285806180
3.487645767105830	8.987552939044460
1.621378231860870	0.959232751765606
3.373290465712920	9.019843143686540
1.642343400212740	1.236314629033250
6.791050767869560	5.073644320319240
6.668747011898860	5.242018673005210
1.778221775598180	1.428755679824640
3.670651261685800	8.912005560966740
3.594014900525850	8.659751717582630
3.335601006633560	8.585829662136410
7.093430314296890	5.407913382499630
0.776133842813458	1.050078879996790
0.964441131684766	0.757820010275146
1.442263904068560	0.492944660994076
1.168403428497160	0.907842482870722
1.045413702368740	1.528352656291510
6.760651634584670	5.208450911787750
6.573389106600530	4.799724047328910
6.760004648446460	5.959841108554020
3.550534530687310	8.881515134131010
3.286584187300310	8.860586878754410
3.414748965029130	8.092414005279320
3.615613087792890	8.367610925455840
1.019789013756450	1.460136822269110
2.627095835307960	8.656366894716560
1.065675215869600	1.404924680293950
6.966323879314430	5.286380824826540
6.417144760125460	5.508650893647990
3.184096429381240	8.232184242668800
3.251749612355520	8.813889206613100
3.723449892935160	8.765116427809510
1.840959018251600	1.771860671283860
2.910032458525710	8.518274218089750
7.057283834866690	4.924509162206530
3.024066065936450	8.800501057022310
6.803600445347260	5.579785417692930
3.119224071560590	8.941377804114380
3.276194117068560	8.810309707694000
1.344401385294330	1.370838807111530
1.701257013120670	1.215815614820750
3.084521285786550	8.411069156258610
3.273035748025090	8.849815712013990
3.186207253049810	8.854725874132350
6.743807911995130	5.061927464304850
3.636233486064410	8.478686704210390
1.104094055232630	1.562498257031590
2.879998799714990	8.645634090926250
3.749777388987800	9.016896586346470
6.780238822681090	5.071940295704290
3.337145049344380	9.048613804570260
6.134435190081560	5.520437025278690
3.185385890267960	8.768106659659420
3.458277091256160	8.966287517122720
6.643888978474130	5.120928905881100
6.196963412567240	5.486457403531070
1.360211933594810	1.372406523846210
6.702127589182980	5.203377325702730
3.044509902550900	8.340319374807180
2.005079703379490	1.317358937103310
1.221867620695260	1.152071854800430
2.795458138714490	8.448887894740990
6.531277861355940	5.221712159892260
6.183477362582890	5.803716409293100
6.503877435430980	5.332063461250840
6.536505455562460	5.163011511523210
3.531239817300830	8.901785346687500
1.977279028703130	1.148634796413660
6.545608827359780	4.912733731675980
1.488916167840550	1.394050584069530
1.967103646223740	1.269377104168550
6.522848917003000	4.869452024865940
1.401536955408260	1.138186841447940
6.817705074032210	5.182436076991720
6.339632136795780	4.352720414950260
1.140569419286160	1.530252662197880
1.351421493640800	1.135195281548240
1.551621596770080	1.260840465695400
3.455714246605200	8.988986609980330
3.528935974238060	9.019729854005760
3.888316743756430	8.718246525515250
1.303594289177290	0.865490027054739
3.267274799858980	8.573176753456220
6.851792595979830	5.354597138602100
1.722909331503740	0.583349072870244
1.355886571564510	1.604933152002460
1.013062703840030	1.738810629303350
1.088607582673600	1.518722419920520
6.153126483284300	4.952626802820990
3.227775407248590	8.650593791615390
1.990182320665770	1.636898830813310
0.912282602302230	1.263879907264330
1.392856073325380	1.633347166347260
3.651146806088260	8.224953437839410
6.873846475373200	5.461031386787130
1.245102743171570	0.933083737621757
1.598467707192720	1.305831190375230
1.310614381176190	1.521294033102520
1.029965841202320	1.327414532160370
6.747204784100780	5.318309375485850
7.168576076502350	5.009232346274640
6.787175885023510	5.600307227376100
1.119665270082710	1.342894557587410
6.774609214812690	4.987142673827540
6.943430540271290	5.408441293638400
6.431101973308430	5.135490629836680
3.942578527511910	8.311106547369550
2.782431168211760	8.636974448364230
3.810076969327900	8.909703096501570
3.095643099650620	8.991805347777320
4.322565923823780	9.079426639307140
2.996597427273590	8.398269474083550
3.414350380782310	8.294480271224900
0.649617232094296	1.763293194254940
1.401872280009770	1.295271916343050
6.290044361185940	5.545905004861960
3.426742617723320	8.552401989929060
1.358772599843200	1.856500058076830
1.698617517896650	0.674467258354097
1.896246803772940	1.163541680813820
1.353362542249510	1.268451269587660
1.797488354788600	0.624761546565203
1.445693139377190	0.936607256268076
1.237934096933730	1.588302112362580
2.857491289269090	8.962753789135510
1.164254445336900	1.163955044819050
3.132270768401770	8.663987161148870
1.274992800847720	2.077070667268400
1.259917377610120	1.782427611804770
7.147332817791860	4.926768225272110
1.498094642736410	0.880552094320827
0.823724710870608	1.619815880124970
3.607465852841910	8.724575183858670
6.718174022497070	5.571071394716370
7.133658116836880	5.182106478241750
0.841004605271067	0.949362167786306
1.594920517362290	2.032256968126450
3.320650100021640	9.175413155553890
3.481635581067270	8.880730458115780
1.437109363722210	1.606391399489430
3.537478431088780	9.172063916068850
7.046487388554410	4.870081406962320
3.274774081417200	8.613450148628790
6.531392381012090	5.464531157461400
1.460458342809920	1.247791217730340
1.685935599422640	1.280024494617900
3.478206893399900	8.917712765864660
3.499801920768740	8.603502801058680
1.657624244862360	1.492701566106730
6.132089949523700	5.526577098138970
6.281055444451240	5.874414850793100
3.699557523791560	8.558323267650010
1.468538061301470	1.661369646076960
2.839210214843440	8.553818513094870
1.550573691114080	0.483365610769268
6.711759245050350	5.646678977643390
1.448644300768430	0.613153730745404
2.853814497446430	8.213563321261080
1.214855329837930	1.078783009061710
1.358512807430690	0.913889136450369
3.292160709355150	8.791954321315430
3.597785201159650	8.562795858527490
6.571696873110800	5.192666476034350
1.401675185087870	0.594376716861644
1.104666347034110	0.976536943805433
1.454974734213280	0.978997455089203
1.839329235807900	1.236876842169980
6.588601073693920	5.959646416032310
3.274583594387070	8.782635872837510
6.871954864133420	5.969801333979530
3.138783997221360	8.452151980698410
1.234093610670760	1.527939734797740
2.896131631516580	8.806331159163700
6.110169298223800	5.180429574943460
6.799320872136070	5.090032387461990
5.894192545102110	5.511279137765750
7.159564627140230	5.789030885788670
6.588554518543340	5.509914581881480
3.809765620415000	8.837418039925970
6.975098422929890	5.314629488666550
2.806673382655380	8.659524551176370
1.237005890936010	0.827716995113464
6.060313534960770	5.268283951667390
1.561749780919850	1.461964208529350
6.722138859132690	5.509556176406200
1.170712838844360	0.922914087614004
2.804653812426450	8.796825885070320
0.634790498866919	1.479787198418250
3.265186675072500	8.726328090594510
0.756945976247186	1.525412162725290
1.414988896141960	1.646815073435920
6.448488912514570	5.212524529413860
1.552922229719620	1.539918227713080
1.752830000975800	1.448887341768630
2.954556585405420	9.004208232076600
7.211669025736620	5.117489750925880
2.958122086665050	8.914235107236620
6.928079592153600	5.488660478623930
6.982581264311660	5.415893303127650
6.359988113864030	5.144232647757130
1.150452611280410	1.603324349697730
3.477004911507470	8.391576941376950
1.326047809671480	1.338967090488400
3.443050741596250	8.467048620415540
1.015534748816290	0.980300772657441
3.000481049406820	8.737624147339090
6.432508551060880	5.733157318587040
3.543781345958420	8.971018079207180
0.982041593193016	1.072128757682080
3.388619492153230	8.924256665505750
1.401295418877190	0.906885992236762
3.495079085419540	8.518271994465070
0.915112054601012	1.242686304570450
6.447117199497460	4.968376096941350
3.307385109095080	9.091647388756130
0.822725116736624	1.297195424381500
5.913622913659600	5.342983004947590
2.983352356749110	8.460376560793750
3.147298635536050	8.512847239340310
1.307757995422510	1.442110935981950
2.968264562920160	8.960666030078920
2.986888828543190	8.379006970764670
3.101635002188630	9.016538452600980
6.780283925286010	5.850609468301610
3.595253708326320	8.794641652409700
3.052795886214020	8.611200808469550
6.616050658643790	5.512148629144950
6.673058208755110	4.846942486152540
6.856623647213730	5.826027671359570
6.854377631616120	5.431587551948540
3.383777355893810	8.612713348282900
6.838585942258520	5.003136081821510
1.404777628306740	1.753409242579210
6.456831637087080	5.399567238235960
1.718631735448200	1.419854983493810
6.776040393952300	5.574366588385840
1.118457777065180	1.581352519975070
0.787546027097999	1.550063243100560
1.001230574295870	1.456851320711110
3.160383615605100	8.863764861020480
2.954481234188730	8.986005724826090
1.629654693615760	1.545709787428690
3.377778444940700	8.709199096998870
3.080351840474110	8.215719040153980
6.553785016629900	5.439346512600340
6.744843480145010	5.471835093015440
3.480475889303950	9.346933095974090
6.592950892182670	5.590828275397180
1.420256523530810	1.066827730924590
2.651027747449050	7.783220112258130
6.366448635252020	6.298028301007580
2.782702285379340	8.810494026135850
3.860901059446920	8.416563511976830
3.610048818011660	8.735909231508670
2.715504659108560	8.480720193709110
3.313101612844740	8.444209302536910
1.383143269247900	1.722839996452440
1.249540949945180	1.002336295757960
6.510739758246030	5.312277475229490
1.691639582106230	1.090883538678200
6.971795218029840	5.472438532078910
6.534463002462480	5.582281045866390
1.345367913233370	1.610803906961970
6.867818437630610	5.862298917041580
6.773018220204490	5.561332070648870
7.096565541966400	5.402141851671410
6.703032442855470	5.341900916896910
2.827736274235770	9.087357290838900
3.423398895350610	8.625847038042570
6.887706671057150	5.656057036359140
6.133337531671860	5.415504788813350
3.272122433636880	8.862369146337830
6.282887978654010	4.763282146448390
3.190738431380100	8.473278581548850
6.344856911426260	4.959773646026020
2.908474060796830	9.024614311338110
1.437028036804810	1.208590768837380
2.600079928259590	8.990161545561440
7.197191032237110	5.534458033829510
1.999785737141440	0.998124297452406
3.570644087212710	8.528682087510030
2.918061501323660	8.370424771009900
3.675823934026730	8.672726363996400
6.646089172733390	5.895702221708930
2.888730651512550	8.537661862972880
0.678700777566815	0.933854753315607
1.250217622305710	1.137141744215550
7.625316041918720	5.075833427525140
0.708402772820797	1.421390775155680
3.565820089842260	7.777901105629790
1.591685701052990	1.873930374912880
1.237997787522220	1.900102256293470
0.972635166278627	1.480078028558790
3.651376949157600	9.081765322658850
6.666406302292610	5.091293753552460
7.169216769181950	5.611129379548160
6.667804255675080	5.459991867796070
3.541097134753070	8.803656012391470
1.303263528098240	1.344622719753020
1.499331378753270	0.655191497310076
3.935986116175300	9.047769032387790
2.928978517043430	7.770121180958970
3.296482337449210	8.933548769072420
6.695901531340940	5.513468691701220
1.334122591764760	1.127464682851080
3.140006086701770	8.540480190632920
3.277033359807680	8.843970591683160
0.888446150004647	1.385621359002180
3.256995377170520	9.249054558031060
1.137945445360760	1.779352911389430
3.295282875707860	9.113536215823090
1.446667661622070	1.530014870727530
1.719732678877060	1.040711808220490
3.316805946079070	9.653034770956270
1.655418938717740	1.329144869482490
0.758570378862127	1.581961234214780
3.269583774521080	8.983150799351160
6.879370719711710	5.580348555097310
6.359751606897040	5.324595218133260
3.520892141849850	9.076187658866400
1.314679915446080	1.039623294841750
0.741778529174837	1.695216398695180
6.766251838012640	5.861100604993740
3.220702751478970	8.252076786006220
7.047849367219090	4.796690322235430
1.169318921681920	1.418935335598910
3.742481871706360	9.169989174232760
6.631243925340490	5.980526149286050
1.216482677349930	1.093478881982400
3.387816056796050	8.102827160881060
1.498976661618490	1.372221415057540
1.373882754956920	1.480929492745490
6.609888468274520	5.321112804993100
1.682383662865650	1.243952806665900
7.234822453117520	6.201764415284970
2.178641731055550	1.586681920787330
6.865350309185200	5.174386246607300
6.544721760470280	4.986445916062340
3.673937793244780	8.947167344002510
6.730692747356000	5.456479482103440
6.222587955705730	5.589614740375020
1.204943698438450	1.814921720697580
3.676185433664070	8.371126184957810
1.123449471137930	1.110989873023260
3.437409486788360	8.912480375554300
3.571796503486100	9.030225352087460
1.413546512348640	1.101243719899670
6.405906662852050	5.692822576106580
3.206868618732600	8.629938715804490
3.967276600541940	9.732250819354410
1.706015573137400	1.063463957703320
1.621361134078380	0.701644689157669
1.365390929313830	1.179452505591660
3.468002974546360	8.624425739466540
3.248517943111130	9.059915758142320
3.044599859373330	8.817593094116620
1.751377123784100	0.410030531314243
6.706324277908180	5.634603057464420
0.856955122248082	1.473566235064670
3.274950736124040	8.598750813041570
6.697933657313710	6.268026640591070
6.955819909609570	5.161637512471930
0.927696922770625	1.421797552710500
6.450456825691790	5.690725306778580
5.994748082145190	5.234952279320660
6.239091882464450	5.279502167404330
6.520612144354590	6.129898283326860
3.731774828787330	8.518177990882990
3.536363706475520	9.317922952969850
1.191221479683430	0.917481311967490
2.797463840712220	9.156832979217770
0.918805760306279	1.128673364114350
1.687402080504700	1.539557121328530
0.960588260877754	1.327885710593380
1.556011095859690	1.211951152174740
6.625399893479400	5.230860822669390
5.953165953357740	5.715089490473240
0.698490525064972	1.534134976772070
1.413893332068390	0.930472572688025
6.808110342013090	5.813525143474570
1.760388073442040	1.351509749306470
1.442511449521710	1.322445545228420
0.979215472687549	1.020371707828330
3.395547720468380	9.166331443727580
1.655308011288700	1.171893573259970
3.490121896556210	8.999590599014350
3.689793714044470	8.809486833531710
2.986537931443550	8.794061605559610
1.739765708662630	1.173103009476950
6.601320167490030	6.125129961813940
3.154994801138880	8.940550987159290
6.865399226870310	6.064281361765400
1.408538416801620	1.435207740368460
6.384251112895590	5.418704636137640
3.019610889680500	8.173845230494040
6.724385580223570	5.940427175360960
1.042702664118730	1.333315855956240
6.296719313074830	5.321703443885260
6.513848213636600	5.976628838886110
1.166371507465500	0.878126345204181
7.276219800691050	5.133901682028540
0.990689908599395	0.736519744743910
6.555413035075220	5.028929670524590
0.675703559578712	1.152931856591480
0.773583348421450	1.087822548655160
1.759009502471770	1.026550514262640
6.664926384244210	5.057820964484410
6.837542573334120	4.935898111117450
6.891769004532310	5.206666293395120
6.718419967047490	5.651398428992810
3.494136773267940	8.532403522630240
3.101365377695320	7.813784628423030
6.888243783616160	5.267486876361100
6.656109510401860	5.178920797658270
1.902361816156490	1.282836989574080
1.448490427566840	1.311427738627030
1.229170964273010	1.319760210265580
6.887774344362410	5.202473346196990
6.669895425247160	5.663511064172560
6.397628898108380	5.339689990929330
2.537674516416150	8.381023528506970
1.605548722430410	0.611220210956230
1.251334653700730	1.827199953912900
1.630338657804260	1.486711624171180
1.554699633080160	1.212009741407850
6.673098113961960	5.119814551046350
6.651054732085500	5.115388793806580
3.516657223138420	8.197183895145300
3.477617357980840	9.301409515953970
3.357757246319840	9.669359281321920
3.408991964954910	8.267257855168510
4.275589424809800	8.360163877812930
1.136528830313600	0.947563753384128
3.288451737692010	8.564068498243790
2.707949833621760	8.420190433412280
3.501814433476030	8.814299585459560
6.261132332586350	4.600376631914390
3.837019867706480	8.975305564117880
1.379441101773490	1.175723927433020
1.618732601631400	0.556417582452719
1.222099066419090	1.183691539526600
3.113775711684440	8.861745490452180
1.519322289932690	0.909363026555840
1.143272055985050	1.271435611886260
1.310689655947990	1.741356551419960
2.993442137451740	9.042546284913240
3.598823650087820	8.772346261171630
0.926998937374437	0.877960809318527
1.426559994216920	1.157911751971340
1.357095531468670	1.234883986198300
1.223500682929860	1.371795194821110
3.238955384052610	8.407571049838950
3.323203445742740	8.465093039008600
7.212209569733800	5.596915305451760
6.595561705591150	6.435574054853820
2.138856696812760	1.879451713776960
6.523938552518910	5.750075356649320
6.378730535084380	5.161003563800320
6.952980879488230	5.997372983709520
1.242170901380400	0.829583598362214
6.825326445775950	5.058925197895440
1.357785899221080	1.594817095811500
1.914289144351700	1.325708856543480
1.146827097564920	1.183401634626770
6.740461166554850	5.015869624913080
2.813378937487570	9.077167884885460
7.045851458960550	5.332528210814390
1.414137407639560	1.228437425131590
3.581261778008320	9.216645943517460
0.692204215091567	1.204873996641600
3.194197907211200	8.691158739875720
3.459449514853930	8.547808231664360
3.403423769839680	8.715017227350240
2.860295430367000	8.472468950944590
0.905820274371951	1.271741975539180
6.491130770320850	4.937032129649860
3.216286323906860	8.688726621967820
3.116927292421670	8.162992067282920
6.251201342136130	5.085341166730850
3.157288948264650	8.707470586660590
6.933588470600640	5.168638173334760
3.867788640419450	8.759549333329460
0.781153533246282	1.210688472521450
6.489807568798620	4.979263726476380
6.465929293407400	5.818204338743170
1.287004449291840	1.405691125191910
6.887098930196400	5.059751543303840
3.039051841077750	8.962809361429060
2.798361612109800	8.862174793714390
3.198966632008130	8.520073368348800
3.155675463740350	8.830117389554320
2.687981090628780	9.185971875305360
6.456845406125640	5.809043884007840
3.560255507270170	8.777621081727290
3.115967170717980	8.200935419852110
0.886029735911167	1.513896687206370
3.191156665231830	8.270057197768520
2.723742961893010	8.603942702209440
3.304317957369150	8.131961559217390
1.426448369517870	1.413152720639070
1.131794737766740	1.428454383166810
6.227003123611860	5.318350460227840
7.210682314345670	5.495476859547310
3.432553966493510	8.699365863608910
7.013235864584020	5.344697582554420
1.772913016700550	1.752102389958000
7.009521971582950	5.439832605054730
6.844271897907710	5.211459733179020
1.268176505969460	1.821735704171970
3.706436836056940	8.496752363048630
3.056212430088660	8.463031504902220
3.519189226051170	8.448398749583730
6.849432401861630	5.191245081267060
6.456140621560840	4.940770851038200
3.629936498617410	8.874233332526920
1.065838460543770	1.179040508225630
7.244868778944720	4.927818063659230
3.701756850925670	9.217430529400970
1.474604226066960	1.557496406415200
3.579536380712740	8.308492652168900
3.413534300696720	8.979769177044370
2.556934588467790	8.593801392453560
2.825942000215670	8.643834190467630
6.596061569728780	5.734425201120040
2.885790945454290	8.104428753609220
6.559958623628830	5.151907065338430
5.876610679158670	5.190285372402910
3.207367434655560	8.192132437494400
6.749069688882860	4.935880614733170
3.277237096989370	9.076975103513890
1.353449685476990	1.723391407862120
1.021257208208970	0.925819502308176
3.465772302912670	9.211094389370400
0.487234335184517	1.090463402953150
3.413514266357490	8.630949138808310
3.398130167590600	8.535473051465070
3.843661625909750	8.848600220765810
3.231909306250510	7.957338015746720
6.714795679723350	5.442924805498920
6.658459419679600	5.305300153075650
1.670654784915130	1.695047128088180
3.539931493677360	9.074919373031670
6.211313312528160	5.257634335376920
3.018030062646680	8.873558248244010
2.821035415431810	8.682086180696070
2.995191364662920	8.610431272886220
6.923246766803100	5.855498543167800
3.526665328799460	8.195161002226920
6.807378821424340	4.942730714566860
6.044904898854220	4.913254466193670
1.385028413991280	1.435428608180310
3.828884296337760	8.862002578594450
3.450057693210820	8.784561323961050
3.211672297854030	8.967936180626740
1.889601403655870	1.262529158299860
0.798439961364813	1.456794094803590
0.291262454752685	1.707293937003030
3.360405725755780	8.481396876336370
6.954099563798210	5.980590481371360
0.955377254056972	0.880510560834128
3.379264102721430	8.215053299916130
1.090421591164790	1.170610089405180
1.594451776173530	1.125763150026810
1.175006214134730	1.130492433393140
1.149548841699030	1.344108169921680
6.397983694701430	5.262365693085740
1.490629134293740	0.992122582853273
6.743037909227290	5.329287716395260
3.250675544942810	9.014508153846770
6.680244108011940	5.454167412329690
6.716281784281270	5.169398992749160
0.920507429904009	1.352956502449090
6.933714919458290	5.378873433648100
6.966925134782690	4.832277793634530
1.038446626328380	0.675503372496657
1.784327133714880	1.372482650839780
1.574426684509860	1.567906108499480
6.902995066348060	5.865012903497980
3.584720863037980	8.505031878259960
1.161719790027140	1.340635279954790
6.927101794959130	4.447650202176880
3.252716973744560	9.163164439004500
2.989453459438250	8.394139088131820
1.843971065190250	1.183572793639220
1.072976359106930	1.649663682234570
0.913671726719819	1.581522847020830
5.695943447945750	5.939334216610940
3.489046524695750	8.852654122583450
3.132453838233390	8.994152010212010
3.440744659814250	8.661730615089780
6.436418416175490	4.950360750362060
1.024656170533780	0.966993612265931
1.259408806085920	1.149537539049260
6.299466685462640	5.850700303160160
1.404246377709020	1.814582806619310
6.708320544654930	5.434315814488420
6.590097500091550	5.279984649036830
3.491004741632390	8.590650957946630
6.975878748660270	5.020202551701470
6.869999839913320	5.005331464000280
6.253648415238050	4.878004827901470
1.436052657067920	1.173247683444200
6.691168255255680	5.173284443122380
3.541918947072340	8.850288189994770
2.063867244635620	0.826768929947163
6.669433725234160	5.042002811523350
3.569654949655290	8.629707193606200
1.211391169865410	1.512651068715820
3.267293253102210	8.310646298298400
6.601365049515910	5.255761976775530
3.755852336878040	9.002877779053090
3.243456409169030	8.388420218037970
1.286715420010550	1.284914821111000
1.123475622506250	1.519681522102370
6.898399632881200	6.009865356654970
3.142931935731290	8.785612357978970
1.280853432270320	1.639185700674520
1.160512659479930	1.177396198087780
1.541646789708810	1.149412181280080
3.890368374388520	8.712107986260160
6.241130196423290	5.304413452251110
1.182179255470790	1.271855680293790
6.668434815809020	5.810084075697430
6.324779443533650	5.254232473416230
1.198248130260900	1.132271649682310
6.293808245360940	5.446621166831900
3.515786164529570	9.387060560251880
6.877718694920410	5.665287326544740
3.009170913330650	8.795975646207430
5.956368993759780	5.402890173542510
0.985431655554826	1.361801008644990
1.416782005658210	1.147783229191220
1.123891247644080	1.105050520455780
3.322280582206040	8.941143358228740
3.229074788223460	9.205514120076670
3.588976133255690	8.719819051025060
1.578618691753360	0.933032690515563
1.392192020695320	1.937169842109800
1.534225025832230	1.446642608750570
3.120524457934260	8.820156481610020
3.091250643332380	8.664809365289560
1.146803929129400	1.399820256780290
3.404244530811970	8.807842505144290
3.320129044723540	8.251192215470880
3.278277264157190	8.913203604884640
6.700215802614840	5.881145691089170
7.018219371882560	5.343489156741710
6.921881057720200	5.405762244997560
6.830977040403790	5.658885750345150
0.940186592817606	1.195609362086790
6.836474213954220	5.373773254850800
3.524105523407780	9.016671475612060
6.754993415895450	5.931157921507180
6.360641715102130	5.759698836952070
2.691608731894890	8.782170290863160
0.603538683185076	1.368130133604350
3.238420408925120	8.397518914337040
7.319137376000150	5.427441025594610
4.096081993483810	9.100641970600370
3.515698273820590	9.249585835789270
1.026110135547470	1.148235851476170
6.560630335826280	5.356443948059440
3.418110010657750	8.850599067559640
3.572864446383650	8.672176653624610
3.223214380960030	9.030424136123750
6.764104449720170	5.569032627419690
0.892495698779228	1.178783299147170
1.383669474807650	1.092486022863780
3.191584904027510	8.759241671914100
6.519578231913360	5.136996182139830
1.208731152355130	1.320639199739550
3.560561376612960	8.639432468091490
3.695733730413710	8.795659815078390
3.351928070127930	8.393048429822700
6.120586881683940	5.730145647294390
1.279019526759210	1.363680831365730
3.394503000897840	9.229608780557510
0.927682298794688	1.287198257239270
6.719323478462360	4.814194064692210
1.305796582332870	0.870171033579918
1.285351901305170	1.376012519684300
1.613393631501550	1.457959237184990
3.919155892190710	9.081719368071910
3.871805118739470	8.348754735242350
6.771037213710850	5.963621903850920
1.037345095658860	1.553043323715080
6.483249897040390	5.380968844731380
6.880066219072210	6.266590252816830
1.291653684778870	1.394057284744690
6.648986184976050	6.121170493863510
3.360539958922300	8.904186574716140
3.251994986856430	9.109784050436180
3.625330950596370	8.806386364417160
0.770885834405975	1.127626643971270
1.435761614163260	1.397174927349910
1.486890998653650	1.228793269865390
3.470756223909020	8.891711376186170
0.775999302199944	1.644653046711730
1.552268538820610	1.589462538104840
6.518574479476660	5.039380724552610
3.418703846478540	8.663797854203320
2.899141692237090	9.013265652014650
3.111829389584390	8.830782475530780
1.560649520870090	1.241480891028230
2.810369206517960	9.089493642589860
0.937843058754795	0.917874587813098
6.841149919265730	5.560400280193570
1.589458906662050	1.081224869897560
6.073720716117850	5.867450749153870
1.419317536950630	1.588653987416640
3.559799043194270	8.837229185217000
2.987814555259760	8.526467642728100
6.326759387515570	5.319284051670930
1.321582301528530	1.886388930100950
1.422387708839510	1.499449062039780
7.036512685828970	5.025877066787080
7.200414153257300	5.247889162819870
3.317387727137330	8.399322830834880
7.078943099927670	5.004583965087280
1.002077728272950	1.414281265751470
7.007746398579610	4.808512612294520
2.746649015986360	8.489972569227800
3.242697875756870	9.201162649601780
6.345780459812900	5.359897065411630
3.445127960373360	8.704274814395670
3.107063715821030	9.306686224066420
6.609739264661700	5.023202938565040
1.064197342215880	0.998190932918574
6.619687204358930	5.564302509818650
3.233102073595930	8.092295638486440
3.210899308001600	8.204538596640710
6.551713492181580	5.207196704043190
1.663410878302870	1.888131904683410
6.292420994501400	5.827423391301370
1.432375054033010	0.736809270266866
6.455727725072700	5.949944023681560
3.803857392605710	9.321529271657880
3.089921480654870	7.756347402341130
6.021417270981820	5.311179193780480
1.389929215519610	1.533006597145960
6.302656910090400	5.208754345140420
1.392742927521930	1.145504359423570
3.418556525942970	8.440882667536320
1.120220648496200	1.348516885388120
6.798099647246960	5.430900444907370
6.829009895480490	5.773912164061900
1.489734773538180	1.446565516778300
0.860947990168450	1.619744864817610
3.119397109244350	8.990876713928510
1.160329578160970	0.877111513221607
1.501850084378190	1.160786144566660
2.592958182364730	9.236830478732070
2.859875767107580	8.569153755122330
3.325248120462890	8.237079097658380
6.840701349206350	4.820106361029370
3.587875108544540	8.509754471367350
1.668737088481620	1.298775333036760
6.643218470536260	5.340523355971000
7.136253839613120	4.864446501767760
1.133392459529470	1.690922021700250
6.367172160536280	5.878563390430150
0.810804475798129	1.196454187355560
6.640117811084390	5.326586191653920
6.056343202948610	5.241850788254940
1.077573741673600	1.936269576793940
2.988004311464590	8.700728523575950
1.098406466161760	1.538229944084990
7.097111239077130	5.094066302810610
6.762926214986130	5.337201477099390
6.865029337561840	5.192111031597540
2.093723150748150	1.146955022566270
6.799916606466570	4.417852514458840
6.270827293869430	5.080844980131620
1.288613429092490	1.525331009761030
3.319402965384520	8.231476129706170
7.372797144113970	5.758899057827690
3.385941404127360	8.319143391721510
0.872896550442339	1.282200985932660
3.679698851959110	9.130217928237690
7.066101013364490	5.585999465498540
3.433742031215330	8.752976044457080
1.505930418207860	0.966716498210254
1.275703636394960	1.209828614587430
3.122256068904790	8.511679130247250
6.769273115428140	5.773647003160810
0.924636025762907	1.007313924404420
6.470065629064670	5.438156063129930
1.051646606460350	1.116415418260890
1.153349537158670	1.240069331284180
3.336179640999420	8.555541275374650
3.495835055078440	8.737140311974100
4.180039499938620	8.219243047142620
3.127199598845460	8.557621334180240
6.707987089229880	5.576366612781920
6.520781545350700	6.213600607342720
2.629842304437130	9.268641283262440
3.193442975800700	8.693532949156270
5.982863962439230	5.345771041588900
1.661237704518680	1.010771439453710
3.160313741042280	8.778190374006690
1.316336684615270	0.986088019990343
6.917115015171220	5.254259919661420
3.508336357449430	8.504167831555320
2.056123767617800	0.974507152357786
1.283156976962420	1.482687976113430
6.680455075683020	5.557771802573870
1.331785820505390	1.486750821079750
6.276077509442740	5.554961090104290
6.673525439008550	5.770299928881480
3.115349033637510	9.319750170757350
6.400959111720640	5.765429177500990
6.624280492659950	5.483234508560590
1.558709817260110	1.294653583106550
6.091573060305330	5.282094588808360
0.878382094617698	0.905161281874537
2.859550063245030	8.122404146453550
2.952774119417490	8.227785826932900
1.600995982332610	1.562776134547950
3.167311544672320	8.421999373710920
6.641412921957740	5.263693621127340
3.266984538067650	8.954813931375380
1.046768406268830	0.758609484788493
1.787323216686740	1.320593458774720
2.826754082624400	8.272870527515770
1.006798481688830	1.191339176156370
1.170401722997720	1.718285429091690
0.982982530683522	1.729364036450820
3.043461455794950	8.572220923896210
6.535118173008100	5.486037927749090
3.323826170075150	8.321762237164360
1.042027867972840	1.359957641428620
2.920461706162200	8.858038638077760
1.702399739790860	1.030553905978200
0.836242774605459	1.841354261072380
1.043290990069460	1.496701303429470
1.275408302003490	1.621378960509100
2.820639885078940	8.456755659444400
6.658565160669720	5.045381031171190
2.867637174304420	8.785404114521350
3.248777141982730	9.084082599254490
3.747442269907420	8.250781579389430
6.667993207237020	5.293225976545370
6.622821015207490	5.651497069041940
3.315022907835930	8.495628367499670
3.377036499566920	8.415680347496660
1.203074652564390	1.400984337113510
1.207684307738050	1.026649119426620
3.166359969410090	8.092449612871170
6.514796559015870	5.546432293913630
3.612358061691810	8.448771618053970
3.861302792333730	8.849647307686350
3.585978396643590	8.505491803525680
1.222230544668400	1.278319790669770
6.881310008810390	4.906216138486370
6.702359847465390	5.515986081273270
1.702579058606970	0.898212490065592
3.165586095241440	8.790455871352520
7.187340626304890	5.914274213049580
2.974225706468620	8.567807738496580
6.434292826011470	5.360728924149740
0.939876492226268	1.065665362494000
3.708468522483180	8.211306361663290
3.116421261999280	8.395174186395390
6.621694153565490	5.697411755226540
2.741264978239080	8.533111501160570
6.391645786264940	6.018597958198300
1.788905117809340	1.545846535860330
1.421820430380390	1.441426109994590
0.983177330123414	0.909705305613668
6.596832997965250	6.065333646705980
1.186872636839580	1.129889134047530
2.954432319547200	8.608430254914950
6.751101923087600	5.769877676075950
1.229258671607040	1.603054494556310
1.710409895767800	1.613450889792200
0.667706064275896	1.189507961966230
1.033529902519860	1.910425793406400
6.337585105285480	5.318944527983330
6.569941690600340	5.757637475453300
6.971867567685660	5.410078386560600
6.561142994139860	5.545768356357560
0.945930313800570	1.964475141876810
7.492465794492860	5.338240232326770
3.287305099085200	8.320159640958240
6.051504126724710	5.237585007635170
3.699510641180880	8.734356641888540
1.339217212314790	1.222622962983010
2.697657693524580	8.749938930215210
3.185484629007630	9.140596951453170
0.958055768867724	1.203116924566250
0.986613984526044	1.073314553066430
3.171915893005460	8.905253818069870
1.676909784153670	1.311183923001560
6.510193601627130	5.880020759491010
3.406468844350650	8.821911262365900
6.602907573399580	5.104218923867850
6.620244166859810	5.246007429360690
1.535171434758290	1.364081689113190
6.532935143384790	5.387998804528370
1.454195549090920	1.500964887229150
7.068204071276690	5.234463788275620
6.481202344021940	5.217730298369570
0.981618000976938	1.102914024851050
1.669306118363200	0.997636663526284
1.761918205489870	1.515333222568350
3.401414901126620	8.695732985073020
6.583045937216730	5.219549512489000
2.827629569688750	8.772352136900190
1.760568954080570	0.834101498707632
2.877066893838010	8.776780510678780
7.551644299532300	5.392079834028960
6.924247855866010	5.230914568074520
2.815730051426200	9.160539767562050
1.502342492190730	1.170742901071040
7.514918160848620	4.847503133796140
6.295023121772200	5.165395138995430
6.759218596104600	5.348791060515290
1.024901996893480	1.328254100280740
3.177891805558110	9.047298827188730
3.480024824972740	8.499221993428630
3.506467830800120	8.640014509613850
6.344905383848830	5.494431145519960
1.780856439352900	1.771476181162850
7.106084509997400	4.637325593458640
6.800682728130250	5.690747884842560
1.241759540331760	1.096899217251410
3.732382858700350	7.985103796809690
1.304641994441870	1.082720177211540
6.266014870857100	5.227363062336590
3.404559893556270	7.834964321086950
3.500321828391410	8.481062964802450
6.075727002293440	5.743318341473710
0.911568470677944	1.482235328623930
3.552471292864540	8.888815226479000
3.590987913055380	7.975240803524920
6.266945228466840	5.122393412980080
3.200136149892200	8.028079894264540
6.855914533674720	4.543199781706640
3.407396494468080	8.797595316286780
6.487974480457450	5.285539304320930
1.275179366911940	1.318800478326280
3.277511579015650	8.859060101212170
3.766741770263710	8.897170642646000
1.817027420279700	0.937965753589726
3.167781668781490	8.748581127575220
2.675784909268400	8.710963130001260
2.793192888386910	8.961623615791570
1.576924765022690	0.749768512676498
3.326127536147840	8.383497681807100
6.437312052375660	5.135605546801600
3.624403036972200	9.273284719959400
0.857057080865957	0.919115207959127
3.337494948230210	9.056233810127150
1.693328964542630	0.862225453117358
3.673770920025420	9.060335994436270
1.740730573699090	0.898230826513605
1.784970539109940	1.578192117750170
6.851854975308230	4.937094795812790
2.896762788330150	8.657022594980730
6.590549094040120	5.490043431874780
3.019033827164980	9.060822322914260
6.798025994767620	5.336496626987100
1.452726019015350	0.893655947587748
6.426209220804800	5.547911553264830
1.215249134130310	1.348840188413690
1.543672325088620	1.462081037879810
0.635833681692067	0.548928666653772
0.871817121972598	1.598268608717340
6.105430891578110	5.670230050060320
3.087807789568120	8.981265218610370
1.176139680723760	1.469073639579320
6.999416529340720	5.678126480038020
6.374962509929960	5.629616046370290
6.908428695135080	4.752109050731870
6.988828059569520	5.237889260472870
6.824716651079270	5.042182152844590
1.246641117129870	1.383743262252680
3.338479150874320	8.013995215407930
6.609852531018920	5.230856553940380
3.746560734788220	8.656739353905050
0.951611675603145	1.157881529914430
3.057167144634280	8.778871391080630
3.656677662293820	9.255177303591520
6.492624341496450	4.827272531788180
3.077071719800090	9.005742227383730
0.983298159521058	1.095601577876260
6.195130960871330	5.093371757526990
3.384425537015250	8.565819654531730
3.715376386901950	8.315453802814720
1.459359893031800	1.017918831342830
7.001326513647420	4.983321322166330
6.420212260493670	5.207325567849830
1.306890455076960	0.996721464399016
3.053433990573020	8.866850468831580
2.147286355613120	1.077900504085600
6.606162299056300	5.364893421237640
3.834678718174520	8.999769362973010
6.539481252665700	5.927455515121710
1.542723413641300	1.191704205606910
1.047843130253320	0.890543680142328
0.908321087873305	1.259392405313700
6.479997005601210	5.582630747210010
6.639604281181010	5.151416191110490
3.145103965592680	7.874657552644670
7.204663786859100	6.094490151931760
3.327081880363460	9.025710071072590
2.906284415056740	8.230868875687140
6.601161331165540	5.444299154496510
1.664572825658600	1.149787377247930
0.974890563493271	1.214207658770930
6.822854749889420	6.195125866730320
7.033323277461080	5.423092622475840
0.708490119694627	1.382314170324100
1.211566094914990	1.374598713459870
3.281449696137070	8.803728733430920
6.596845186391220	5.637145096487850
1.034051866438830	1.269186591331900
2.821851044128650	8.499005806603060
1.818801007090560	1.072625077203410
0.996594646720424	1.310734851496490
6.448845031678250	4.800718226980020
6.652946874150750	5.458684255731780
1.356654853830610	1.351661972876860
1.314032008557500	1.460394333127340
7.222584107453220	5.713663806122880
3.411662531207620	8.769786000065450
3.572432680100350	8.525043255555370
6.783008013528640	5.938714053760940
6.300809472916420	5.270368717970310
3.340950217607340	8.467223235127810
3.777978420086850	7.896220298884640
3.413622844973220	8.352885208005910
2.925986226778790	9.101764615713360
6.808748633536850	4.848095125682770
0.688447241371939	1.366668013031520
1.365228146284690	1.689730211672940
6.444496348001020	5.373275791704260
6.944816521646340	5.139812431702310
0.901026456830517	0.680526992618559
1.346739832147570	1.216376864083240
6.499761995074760	5.428382918908540
1.257877640651920	1.816554753535880
6.184672339903030	5.208065286427670
6.944058133439860	5.532765829489700
3.059578544434160	8.548881519230570
6.466610464801210	5.615223397732940
0.974929674393311	1.192420752072550
1.219869720164270	1.449444581195390
3.375877185508430	9.496812571599900
1.332249242163030	1.661223686961210
3.397894088868460	8.415598894560780
2.750805443144520	9.156275202323710
1.710863214903760	1.403898653525570
3.420230160962610	9.015367511668250
3.350172401003800	8.761509202738430
1.684012589212810	1.142379671471900
3.271941020172220	8.642877748649630
2.598638222968560	8.770750449908340
1.533006138342680	1.425117081731710
1.667691120066790	1.633948853466320
6.701083960730090	5.462648990927050
3.624441165231380	8.522988944462900
6.764371063913560	5.047201546022710
6.344270560398120	4.969253804347370
3.859548580975230	9.211826605210360
6.765651871738690	5.295251203324640
0.723336137127680	1.400790536635990
2.592385714629670	8.659034900825290
1.763106475985490	1.268311592673230
2.958124312834800	9.057640489093550
3.306336674643160	8.612769200915510
6.638536512846890	5.153618543984520
1.220334182685840	1.248742098829150
1.063693939683900	0.999831337348194
6.553870321564700	5.504577570019280
3.174886748013440	8.619786726228030
7.025430110278680	5.002922519231320
3.336334003674310	8.642607237439150
2.864382540562590	8.906570394193380
3.484321183231580	8.311950916442420
6.788782727970190	5.674914458523620
6.784219429304210	5.171919332957840
1.760881135988930	1.252531982704860
6.526367216021200	5.644273750488050
3.269365987589140	8.540429248187300
4.224522369269570	8.371754156408080
3.443981866340380	8.778352157647550
3.089216427017580	9.029653654995440
1.470658583099050	1.335755142816440
0.990559129001894	1.536630313501880
3.295025662786670	8.390019507669830
6.437333627505350	5.794570371391690
7.003649922398360	5.078803037704510
3.115460213779120	8.817097972580430
1.172025848158870	1.353604734278900
1.247671949776660	1.454876918399480
3.371710732217340	9.168781650002500
6.585893312988750	5.479242823587200
3.358947942979280	9.233273689276410
6.195463240081580	5.471544816374970
2.927116232859950	8.418631799674480
6.386310635413020	4.997326695101350
3.606940087703770	9.130364415908330
7.008973487283730	5.543375413711060
1.524201619280160	1.572741429273140
1.198240153401800	1.366388380766670
1.382373980932020	1.882530473158120
3.849000987696350	9.142440695838610
6.911458135693700	5.559955788626620
3.591797104703330	8.667153512040620
6.725773251879370	5.911023928775960
6.995738446985830	5.280681187481930
6.392618348731880	6.386974398432020
3.050297003851300	8.691375081476060
1.049086687418820	1.605974792004460
1.207395498805100	0.999367531032845
1.226437069724560	0.600445306436432
3.098172202962010	8.111771129832550
3.408985273121460	8.794018801491780
6.888029081933080	4.895663457435730
7.183748894444750	5.577356267820410
3.650349304682860	8.973525685041430
1.249581847300140	1.354386380197250
0.823757473649575	0.561845612649914
6.458635213215500	4.975698537969760
2.960851109994450	8.790682814976010
1.086780867016290	1.361228378626520
0.883991369802127	1.618017930942560
3.312774138500670	8.709160404081620
3.465693256099490	8.700520616182710
1.017857201677590	1.289609799692720
3.475678628993690	9.063091319168000
7.231510151196350	5.061879021185440
3.373443004070570	8.851754960510120
7.113381995287520	5.530961789898520
6.611790953839590	4.818235531599490
7.295307679820640	5.379280727648680
3.310870751917470	8.931555264740260
7.163107683867380	5.664727701766520
7.022485758552190	5.028598711235360
3.478537325253240	9.200633583163970
6.644181593049770	5.387210570259850
3.122297020071120	8.905262062127250
3.569241508518470	8.452799264030570
3.138947147078820	8.880560386501370
1.524369574888530	1.414467389721960
1.152857338796690	1.557574102120180
3.365378867505520	9.158984456583920
6.273856239208310	5.939399648298020
1.769461528001740	1.223528699663430
3.125645653591280	8.325468431697820
3.019875745636160	8.880674211219780
3.321033515157910	8.082566306608090
3.175633683243840	8.047754574607570
6.754745170406340	6.014060242407030
6.606086566334670	5.884701344853360
6.805262909314870	5.169779768172660
1.859500364266230	0.956460641252930
3.399303676551560	9.129537361217280
1.813855343984090	1.745592516686540
3.502823417215800	8.819070664228600
2.854893349466320	8.906170884891610
3.033127018190980	8.868128751285000
6.687796848383020	5.759251200713420
3.588873263448400	8.591112491089780
1.024689080037580	1.083179114026790
6.676852217159210	5.814063768890710
1.096001169017910	1.913637670533310
1.216269118586560	1.721215801031150
1.239164068986910	1.340265185282500
0.422717662472187	0.798951919400082
6.843246627170690	5.172409041897030
2.426057622509000	8.934551067343330
7.126696410200840	6.017095635762710
1.854202001823670	1.408798000343450
1.553670353428550	1.373890271865110
3.317686162138340	8.392478492980810
3.339695017711890	9.061683863356560
3.523976055695690	8.739102848866080
3.462692233812060	9.189714348060340
7.018226917566130	5.404726234130810
3.397084241016770	8.599223822313860
1.358445826927680	1.370269869825100
3.167389683111370	8.554939232478090
6.982376990024410	5.534104949831230
6.431030596538460	5.327509598894460
7.187660900782250	5.705507899855460
1.236487800785870	1.622484975962390
0.841705191147687	1.482107624544910
6.817129707069940	5.830165610805930
3.170193322787430	8.610803738884940
1.170548203208410	1.196833975766890
6.455831248405320	5.601271305923210
1.360808129703810	1.145782089321620
3.058906683100210	8.303969464411660
0.949420620745107	1.407175821869470
1.213304881454690	1.571919611972410
1.732772311445770	0.853863035765648
3.111714159494160	8.585046420488580
1.026423385148260	1.012496310452850
2.453441062445600	8.981791366327370
3.065409070242230	8.620150647963870
1.920193013442280	0.944939573826338
1.759999467754960	1.407040321687110
1.635048584625560	0.360084369711334
3.062351653194230	8.724654316866210
1.576549757100700	1.151259134915810
0.296033134284228	1.093072564065680
3.656604035336410	8.872198919078140
4.131847673668420	8.727300767087810
6.925142199464970	6.088608341458470
6.667475759338390	5.523300505962510
3.103645977704220	9.102203192767060
6.278985001925920	5.363740169300460
1.629625704445090	1.812845505610530
3.474370051183660	8.985629145901770
1.553283591540310	1.277541782062580
3.653014874435020	8.544927677857090
6.625236437458420	5.937493579638150
6.959339063172060	5.338924368960260
2.451777483846840	9.548275122840570
4.059167202734420	8.432684841301110
0.937614789567384	1.450629263028830
6.825282796013690	5.899350835516880
6.742970034071110	5.005453068129510
0.871068574973885	0.581977483578997
0.494718205531840	1.262771466172910
1.474705729097940	1.413065430567860
3.987659463484430	8.240418175292690
3.699951378329810	8.506454749425040
6.207937391350440	5.410910443400220
6.929679532126580	4.788934767965430
1.001319860852250	2.167696006066500
6.684924760021360	5.454417977416630
3.409541240636050	8.634071245752600
3.643143524989750	8.300601616026110
6.195198369924800	5.343304766895660
1.172556871152860	1.262660280589690
3.797449130983040	8.542220460483300
3.339545900782790	8.679775487362490
3.328732115631220	8.725524770173500
1.239020019914230	1.290841233122930
0.927152062042632	0.806083619877144
6.390559886859210	5.420094176438560
1.893727475703960	1.744801713534040
3.145491812979350	8.723507373674660
1.238589955739830	1.327958965225040
7.007636141254090	5.444945984651500
6.219745574183690	5.263684725600780
1.085878769303340	1.204595541260330
1.710076760129090	1.208924291869470
3.693128757223480	8.546256126044590
0.642994079609884	0.947448514412134
6.618686072090700	5.158235695702540
6.514834214064460	5.165021937968680
3.589047167103630	8.959834107267790
6.703310229134370	5.937161534791610
1.472559873561150	1.046771522381920
6.497066917433380	4.914469693929260
3.404876051110340	8.012728649556960
3.453192260405070	8.737517869413850
2.728493900454620	7.980626924378020
6.684127559445670	5.959147575002160
3.139322217396620	8.904535753125110
1.201217119231580	1.683986198847530
6.460816365888660	5.142337137827100
1.862634731411730	0.954102162805554
1.534994165965650	1.270296482739260
1.763645897880470	1.178393889390070
0.877997902799384	1.308045324840960
3.460620032398020	9.042414015641890
3.499587446626710	8.859057357267950
6.896884651884320	5.514356544661460
1.350651548577380	1.156144101689520
1.531974537315980	2.247716719973380
7.088867587914900	5.178785384440800
2.907258982031220	9.123628472766630
2.738393742558610	8.653994292808320
1.152952193182570	1.243738832521770
3.407552297229000	9.517538786135210
6.769034704269780	5.603411725955940
0.945914931432634	1.417516428206840
1.645365480285280	1.410736764665880
1.433357838285310	1.047683343794360
3.985035799117340	8.712434831221530
1.784398930442430	0.688612547940729
1.915379496438550	1.002123683628710
3.276408455785050	8.418116064124820
7.427734774693180	5.838046795460250
0.757233507908551	1.379325851763090
2.705309747564850	8.969224919246680
6.389098732375580	5.189987488904040
3.311792389744670	8.537359503770610
6.593519002449960	5.307675338361080
3.423731592148670	8.575998214689200
6.572022780909490	5.011389341113560
6.346764243406120	5.205156855586440
2.990454570305090	8.638532159647450
3.474086294267870	8.539673696979840
3.913777073635360	8.979249156105300
5.999635299994050	5.468729150745050
3.037653676388650	8.421383329457260
1.694217483277950	0.769071756607396
3.356712231184050	8.852705225250160
0.745221919027314	1.731807385445470
0.891268868571954	1.200592748774330
6.589511772751700	4.861309466102280
1.371926141269260	1.711062951173420
1.212414231597790	1.084027577279360
0.851831029680492	1.396193938476580
1.060938091190620	1.233287871794870
3.389386998597420	8.201883769865900
6.663231602823570	4.961965954734010
1.089443471019170	0.722950589891030
3.341785531732410	8.776929575393790
3.358916306907020	8.132170341386670
6.763957378408000	5.343216793782410
1.645662074289710	1.217014160410010
2.952432709012060	8.509141197547030
6.172755539370470	5.357627344252080
3.235152017631200	8.672976145714450
6.784742401497410	5.467597046015670
6.878113894742400	5.516066380958730
6.582099891421090	4.914954176654090
6.534049114112540	4.795529280813440
7.051192603234960	5.761158465696820
3.628863562862450	8.705618565142530
3.257476689624780	8.605280168972830
2.814359388915180	8.553384170216620
3.044340497089760	8.711104061971870
7.306552303313020	5.522919242833480
3.438678042324720	8.701487132364680
2.935132733103560	7.781005244300070
6.789990024420660	5.324881273612440
1.232720799361130	1.238057678060360
6.421089672584260	5.311001842368070
7.147461606119500	5.069701435166940
0.472645778405852	1.269455609035070
3.679022911049290	8.773354573782280
2.667432037688620	8.705242673034980
6.947151863633840	5.487575905016890
6.614999719950500	5.546096574406170
2.942892336783100	9.082160182403970
6.792522056337880	5.468664554259110
0.909079111801057	1.518232469283610
1.406190212404830	1.342233358568190
6.413676461740180	5.617125696163670
1.490133985591070	1.566210555296230
1.708945294185620	1.233439573535930
3.381782394246340	8.551992810031940
0.974384381906102	1.347168291644180
1.163602026925210	0.965704242492793
6.508109740662160	5.780732916979240
0.636336136945202	1.253230243496160
3.427626150545680	8.435276206127300
1.587837449545310	1.521739249191540
6.459761418138650	5.707696000232880
0.880950692888836	1.603062013525270
1.650671558046280	0.843380033370261
0.968172531488334	1.570612348055890
2.721967008933310	8.534216190416400
6.877975353027400	5.176061163303990
1.220872854393750	0.978441270813317
1.426420148567850	1.372171666420730
6.936878604474490	5.062779587852890
3.547095168898030	8.039838921108170
6.898151350433530	5.486137717282860
3.159611333419730	8.225798335458660
0.915724309177560	1.480820020553700
1.035778172980050	1.237989190257980
6.300487319207940	5.498134273179150
6.734881352054690	5.297504743034640
1.515524831302430	1.911628200049670
3.324092182820190	8.066549929239920
2.906835591327840	8.748096379106570
3.234332287425970	8.414533880369950
3.307271854725510	8.936338378946210
0.975454662965959	1.444937875072900
3.108681473402160	8.903346297806040
6.751626445023660	5.934762195787440
0.740019346524811	1.496384317292520
2.280577419021120	0.749906383047835
6.518713098094520	5.613590703711160
3.987243692096470	8.341284312436660
3.002505569915910	8.911713012006790
1.048627313590490	1.187190847913920
2.776786498424690	8.572868009386230
7.234731422319880	5.695009735168300
1.445743390091370	1.502714757399730
3.625614709388590	8.925864406539540
3.228627578878380	8.535733512106120
1.953419410258070	1.033010301875550
1.548206234798930	1.460617093568480
0.321633218524386	1.225876670224720
5.916924660209170	5.447043558139910
6.472034807135520	5.411846310904780
1.642111844656860	0.785681018537720
6.972762653404700	5.765131407800460
3.374805094973550	8.809705716500660
2.976061523453630	9.115645782660060
6.315549519906090	5.498518412173900
0.855345130727188	1.332483413206080
3.093982702643460	8.777126687675800
1.063422747088880	0.722493085419460
1.545857055947420	1.328286590887900
7.146139169657690	5.547010587227830
1.716969828037100	1.144562845397240
7.094099315159790	5.625117251635940
2.989366800364700	8.619009215979220
3.012172246452260	9.156790295625450
2.710438734084350	8.878829846293510
6.690563399800300	4.850243043424510
1.288753246693590	1.825786399301330
6.708958205225690	5.568870798562070
6.858027568238010	5.101357790049740
1.321427542427550	1.345516563459260
6.605485526968870	5.852040495263910
3.272317999357120	8.909854613328720
1.043464669431020	1.657421599556240
3.268695688410670	8.882558310887480
6.696182687569960	5.315312152134470
6.640393212424240	5.804487551332150
7.156169288762020	5.058751790233770
1.031989386735230	1.478528054925280
1.029608831186090	1.481210557800140
6.819520768874520	5.464185107145270
6.315098496360860	5.248904546184010
3.154223134553800	9.228471778020000
6.888098987321020	5.739443097435050
6.629026028934570	5.425305262411940
1.159015741106930	1.496507485421460
1.547011272970940	1.226989036823630
1.151671038832420	1.187230331283680
6.262958868495700	5.542979170434340
7.128218297403030	5.501715274194950
3.739671782642540	9.224379845687380
3.443802156252090	8.498568601641050
6.381920738773900	5.323239331522760
1.163886014191030	1.492284145774310
6.821711362657460	5.134485264478430
6.992128221313270	5.284150965256920
3.315587223234320	8.634251760847490
3.140650491128390	9.155727549426180
2.915447023270290	8.951898366783160
3.403430087010890	9.104323396313860
4.016527595384080	8.205478512354800
1.208920907862240	1.398279901645930
1.213769859559940	1.158589916539040
3.532762234400470	8.910251570892940
1.643032036160400	1.037893663700810
1.029362798599490	1.067942339824270
3.131295134013080	8.940451224618150
6.822963795614230	5.026026299858810
1.415293552559090	1.562541626536650
3.247783495822890	9.390475280458210
3.738114871347670	8.704710243164830
2.922731319228140	8.695850392883260
1.494842597454370	0.965252576305378
2.987533782951920	8.005908146848620
6.395636903059910	5.160540732784380
3.270870657592160	9.207863206229470
6.466923453644450	5.586377966746460
1.513034196643960	1.197479847152540
0.853896023347082	1.203155409544740
2.079663175848460	1.655776007660960
6.796890430251010	5.217176677449470
1.569506338931760	1.120960615522560
3.055802501105630	8.606576073341950
6.540904228697790	5.389258352714400
6.949426239045840	5.311916913306470
1.283774589552730	1.183780007481310
1.100185357035900	1.366384874608660
0.850604390761599	1.105527992866110
1.948755362736150	0.513791807897369
1.492514290459540	0.573887530772502
6.523499811425360	5.161870838043710
3.748348204806050	8.894651927283270
0.935010894518806	1.276996710072840
6.749488023927390	5.200119282753830
1.500103246513160	1.079540734349800
1.235052936824680	1.754675847817230
3.868896054094560	9.334513425101320
1.210437644326030	1.336855211814490
1.501035921088000	1.130937611886310
6.273560915801330	5.685910628000210
6.007066814854430	5.181647153539110
3.304757956506090	9.106609722288900
1.620222547431450	1.698578105158340
1.166075982841370	1.153481723819660
3.338498227300700	8.056809614071150
0.777049896253581	0.577682006452680
3.557591547923460	8.818998997232820
6.377823178021890	5.342930346837650
1.688128542971190	0.993982249104491
7.152214010069280	5.360466015222090
2.829884374813350	8.261598938505930
7.079347308222860	5.520448008603920
2.631192855652330	8.607154563205900
0.631814354174566	1.406341553662970
7.142128633796900	5.317720375366820
3.365191513954460	8.876793455154020
6.672511527464300	5.118692876060450
6.319869252284710	5.562185326241960
6.777257449553280	5.708438394660810
6.796496833560280	5.130489210267200
3.266663804757680	8.813106505534310
6.919017023878150	5.113981448574580
6.574491579146420	5.439651253114060
1.562130891275180	1.162370597341450
1.031770644541350	1.488872408140390
3.224163157596130	8.205965579088020
6.787264184664420	5.916501361765710
7.085780983564220	5.431093129143480
3.216195942073660	9.157164402523150
3.447106661947070	8.429777727676460
1.380332862659760	1.194563337826280
1.307487413849150	1.323490320970180
6.688442734510520	5.318474072027660
6.684194023741200	5.963383055099320
6.438515608214560	5.294552973201630
1.311971417333270	0.997947317660448
1.313007111918090	1.372873600867280
1.712111793424830	1.363680486932290
7.014431706809730	5.133076646535420
3.862555945990850	8.402088667613730
6.311341404599010	5.155734099526130
1.001381847494620	1.865034343482850
1.299163978567430	1.217192224393580
3.656955011827710	8.536656015437720
3.283750088824210	9.558344469479760
3.679208241868360	9.187312405205360
6.511065000974910	4.985280564054740
6.760846827480970	4.869945404202840
1.387149455655760	1.319647291736160
1.527808959745120	1.475790525255800
6.693169378905920	5.541576930338270
6.302503699191830	5.294375545238120
6.712176369223940	5.316988438915380
6.524270778806480	5.830263684418640
6.641421842542370	5.015214293336660
7.017926005385070	5.303614336955790
2.534812122336620	9.382000958498720
3.046748435692610	8.299730724793360
3.375233878510430	9.020956703315500
3.323003931352480	9.239489660106230
2.888849599828660	8.938432071915290
6.658488744050980	5.506115143850080
7.247300785418000	5.331861428057610
3.529003401195920	8.448519237146280
3.521838194204230	8.797086255945550
1.864655814565970	0.985330064346245
6.581474398693440	5.042461932111560
3.182268987995940	8.323853924020770
6.245226908513540	5.646857435517860
6.311340760013170	5.239919838508810
3.092133830486640	8.785442746240850
3.324149319127640	8.261049196481760
1.426615004591370	1.578166713284030
3.830322177388460	9.035434140419820
4.018940834470810	8.460524159590840
1.074520618198850	1.903363926246420
6.874697303841680	5.188494497573400
6.983053588965010	5.471927328708320
6.382245203017180	5.280784138097580
6.555963387619430	5.694943225964940
1.064748070355770	1.247392064607340
3.256027993270870	8.965397370022590
6.971878753152080	5.559256972808180
7.019909205149790	5.295143975252940
1.555908104904270	1.276043509064750
1.849370837295080	1.143656457599610
1.426407041379770	1.110269760324310
5.939969261495630	5.340643331774880
7.173013179540000	5.718973690192990
1.340488624572120	1.010555484682410
6.912995272593260	5.544428115002330
1.206852099281100	1.077120730316720
2.977746237522310	8.944548746536380
3.476922431658100	8.728536425477990
6.951937855780410	5.749996832695970
6.983296176461350	5.829716151303610
3.712191600966530	8.543884662757990
6.564217212930050	5.162574668861970
0.953221093510414	1.353077388934610
3.161905399753560	8.890440730801240
6.770309225502980	5.224777543311240
6.821213208501830	5.399103334068730
6.661179521283200	5.399455025177860
1.513151821685880	1.220852664830100
1.311871984253340	1.016427818435280
3.583439244855440	8.979038541492410
6.519556051086010	5.565283167072540
1.509650681910540	0.949571531069523
1.434538692240500	1.471035958165380
6.027702667487580	5.232866236419340
3.888494722976620	9.228154593678380
1.326243072189660	1.088072220037360
3.130301658012620	8.669551650995490
1.742907967674910	1.489748232062310
6.041100901743120	5.360496015683950
1.046893380300670	0.743626316828757
3.310882469623620	9.098757977862240
1.216334895791450	1.825443547860440
6.592348430830290	5.092554001317700
3.071880841168610	8.665789755419290
0.971007795339349	1.353546606085560
4.009622130434290	9.148884372561300
1.063030171764670	0.638093353904766
7.270986330874760	5.537044613948860
1.394373843897860	1.092068548143090
1.261014770004260	1.252656701053200
3.526402641273730	8.339054848473420
3.540078622651350	8.047141419896770
6.649383362021400	5.915809554009960
3.361696803751400	8.831647325061600
3.091705956914650	9.026278952793600
2.988120084863150	8.670953299162500
1.411615357021200	1.131365228815550
0.403333234629276	1.211199562324020
4.075197496775450	8.538718599688550
1.434684760757090	1.180440946881440
1.561109667383760	0.604727273659432
1.496291473930230	1.315660078823200
1.577649624774540	1.070420516654210
3.461455134990620	8.390022638757120
0.891985698117479	1.509722530780660
1.500484236026450	1.231456145662800
1.120682357401740	1.330241837401350
1.505081599875720	1.526246637415630
6.684886926589490	5.681285914995930
3.648104938612710	9.512439196198480
1.124546782310300	1.921606587604540
6.799786375042520	5.250088599045430
3.058222607351550	8.738110737882100
5.752715989298060	5.354073515968120
6.975153118220590	5.671801296505660
1.186902323338270	1.109471330735310
3.318752473089010	8.826216178324010
3.267623698730580	9.024749634715520
6.697306744567310	5.645140628465150
1.185722189982200	1.169865231984140
6.701122922872870	4.864657485824060
6.854563946224850	4.864798197851750
3.370174816122380	9.691363020427490
3.012156890181860	8.437704467729780
6.416313015766110	5.314737092021240
3.271557762811450	8.819753947380310
3.601364083878450	8.241928708003270
1.693163688342990	1.595593410931470
1.624710566160700	0.790563585423634
3.434134134383000	8.903863410354790
2.972068302540720	8.177159397609150
0.980643144687203	1.379123060856850
7.237555771085670	5.293219523097750
3.290672031046070	8.477444662562100
3.508594516534420	8.401156791033260
6.655198289297580	5.525672442282260
3.274407502452550	8.503750623071610
1.137690650532090	0.976741341189377
0.948233407489903	1.635337705923040
6.975344668202260	6.125329975676430
1.226755806383940	1.088243134550610
6.886368928249960	5.508036080600270
1.393746499161630	1.256720409258980
6.706887477053970	4.938306788948770
3.060150814426980	8.287090161912860
3.278839103563380	8.173251986109360
1.469966848973150	1.274581436369240
7.132861574059580	5.122174169065950
6.543350613665650	5.510262580445660
1.112276064732220	1.080525930857320
3.361727178578880	8.965013633008300
1.380879888922100	1.499732128290780
1.310976467836310	1.377145475899000
3.647715562905300	9.397211142973630
1.437914650011660	1.462766092952630
3.640049258271780	7.762251525759890
2.814509985149580	7.849342666251410
6.392848601166650	4.990659003026370
1.129082628636290	0.961353447278147
1.698728546763320	1.307652771534100
1.469352724909920	1.900784260528750
1.611580278815990	1.036419295022220
3.205558797815150	8.753129023235650
1.716611224549810	0.838295302200916
3.221233664775090	8.989419059712220
1.076685210300880	1.916551214939830
3.169130257535690	8.771902770588160
2.831606969722070	8.547753115561680
6.535872059639450	5.745976113160420
1.558024607088410	1.796053634239680
3.129585641017440	8.351364999008560
0.974914430699831	1.492272060203670
1.320974790446070	1.308494619122750
3.838922569587160	8.618701175817560
1.989104204974620	1.305782042514560
1.957057910258310	1.059713137794970
2.890522091460620	8.253962096203780
3.085618137217680	8.496048813586350
1.553843170085720	1.620825115579310
1.217832370401640	1.253937537062410
1.006312512077560	0.979238749296068
3.442402609582920	8.398132358716850
3.093575418333700	9.037596505914080
1.094767793997440	1.434222415573030
1.116176582869230	2.022989068984750
1.331059220229540	1.134191425881300
5.956147728775370	5.486596824498040
1.128023333653300	1.714262376444760
2.809219603757780	8.095575640628200
6.336513591945240	5.791138618201800
1.026268938358130	0.864357905915334
3.611629286689010	8.746897659555100
2.939764312464780	8.442659130072860
1.848596037423910	1.447010027406760
3.121884210051770	8.327183275261910
6.762772390094390	5.173139651644480
6.338612097601730	5.656137735186050
1.211013153392640	0.645220952804264
1.172644140214460	1.179670073123270
7.041349641169520	5.476508242573680
1.434944556181180	1.399428857251240
3.107145660038530	8.995072230192740
1.682760669670810	0.953038870871890
6.281151356450700	5.359969542912370
7.058018665367010	5.105723194587210
6.483154726146390	5.088974802479940
1.206713456346850	1.347596285931160
6.600941735705810	5.688703411252170
6.964906572755870	5.692246822388920
7.087318562785720	5.545807041814090
3.192882319906790	8.772785217873980
2.904116264744360	8.730229022360670
1.494291200548730	1.644715149973280
1.285598542757990	1.343995610879330
1.855181012050160	1.084464059361940
3.263488633045850	8.753399407749400
6.895101873233000	5.466196533775770
6.819575344922870	5.404061895594460
6.746739201608590	5.338049999719640
3.183678515412370	8.462141051280260
6.345728355382160	5.490630214870610
1.354069917986220	1.247619534415620
1.266664719864220	0.763608535547751
3.059277237512530	8.984510223635440
3.202570280704430	9.259642772409560
3.042956011132420	9.079904120996180
6.436082942802480	5.384825023065870
3.352941559683480	9.245098436653070
6.535390524159730	4.866748994787140
0.771962053638726	1.199005257916360
1.318037982446630	1.547508944080890
1.078341537413970	1.581583816135780
1.171364463754700	1.109670266784720
1.022440948624290	1.192499288336950
0.986398525566935	1.745286701547380
6.863727697976370	5.402326876776030
3.246279144121300	8.538931703770560
1.136868493819550	1.074357320560040
6.386837299509550	5.638399278891960
3.547348225725350	8.947772707702610
3.851780788938250	8.840499135856310
1.270697329360300	1.051936220084800
3.616422084186500	8.682338377904790
1.710873920123340	1.249984252959430
3.468949527635900	8.878002914084600
1.549592774374190	1.427564532212680
3.160086387704840	8.677460263667890
3.025507189978790	8.258658487761410
0.990307285011648	1.357627643907630
1.349360279475070	0.838013008421582
1.209373216121370	1.251357365426940
1.051291538447440	1.344103602866540
5.727717740580800	5.591608706387550
3.955524437103110	8.860010017340180
1.631059068254210	1.580750424275800
1.133596817939100	1.884836082557590
2.616746914564290	8.512847864343090
1.167166174761190	1.467444773467520
1.910913516351110	0.924025204201783
3.510568815321690	8.810005567756460
6.448350543385820	5.232659462060070
6.677672602223750	5.658635847906940
6.995559723799180	5.028632373025470
6.540153751220820	5.057066241663630
7.162550492073240	5.267047506200050
1.471095493932000	1.203117521907200
6.227098630368130	5.248604062632520
1.095389202780360	1.188180947351220
6.591667854415710	5.522527151230170
3.797005124823090	9.164874915320570
3.543431569138640	9.419018234536410
0.761999877918748	0.693421156697343
3.202747600900500	8.272347394578720
1.596575140450060	1.509557964170320
1.149403792893340	0.937902732941540
6.916239004710980	5.250398589613950
3.055262941355430	8.924844071752420
6.302745072184480	5.682622162563380
1.785113203573810	1.277140088002680
3.132208491557900	8.491921285031660
6.279460581864610	5.305282337422380
6.542540878544950	5.389508214027810
3.445286308483590	8.947014059848010
1.237932003658930	1.859845678404600
0.980818986206448	1.356075945431800
5.878251878859990	5.078497550164680
6.189151723040800	5.622310613136450
1.464326343267530	1.296607217732040
3.305697841180500	8.467128643107090
6.229535737822530	5.334678184697280
1.143347778288710	1.188931061946190
1.291798721402390	1.008740654735060
6.721665711568040	4.972421094405210
6.726038329878540	5.623652528157300
3.698817841790440	8.757063183455520
1.632087455577760	1.107790288918830
6.398897480301040	5.258918655446040
6.233570289282050	5.299795350494190
0.826801311289043	1.048046275885870
6.591010482278790	5.402734404528130
2.673986241543400	9.033140833780570
3.332363867808270	8.803189315681170
6.572004501624530	5.294344147284200
2.492911866046140	9.463630208883730
3.960970258066370	8.199146328970230
1.025577776943100	1.130688574068920
6.826083546996200	4.775857101863880
1.120660756948480	1.636935755095370
3.186796953144000	8.778557975773930
3.112131005141610	8.250832062078370
3.419936998697690	8.640346835671120
4.179274798756730	8.908384827504160
6.349322430485600	4.907626060554170
1.677835932400910	0.973663008965066
7.153019285723000	5.319632069499820
3.304718020275890	9.414866360263250
1.297690091208780	1.198157233135490
3.437979412538840	8.853262685623580
3.369508823107120	8.838593317691110
7.199513792851830	4.943509762685070
3.292447829410400	8.869465631431170
0.974282647395341	0.688764205522537
0.505090591094586	1.468944429441670
3.175811697065130	8.615422643122600
3.119479968886490	8.405339295740430
3.632736025730440	8.712458672736870
3.143037828797730	9.174470786079540
6.584677999264750	5.750154158759880
1.535432997295010	0.978291037864631
0.948228770130011	1.071289442069110
1.151101257338420	0.713735293134069
6.849874485717790	5.869113150157530
1.333074617624920	1.478006345810180
6.126147198573870	5.111685755300630
1.272544791111990	1.601564018978630
0.940362740383654	1.275152708735520
1.724793302479290	1.405114139311140
1.095396198303060	1.192644755821120
3.512854508875160	8.763697327567870
6.826454747561880	4.759902584240090
3.501983405099730	8.645612853647590
0.998490514377550	1.333831410038240
3.627193858837570	9.082087138173210
3.454279545611370	8.954821251056640
7.127952989541910	5.509206224215230
3.553009025575010	8.685736177400320
2.906991693455870	8.279106763074400
1.066416274538260	1.080446575951090
1.024314260843220	1.261038507153240
1.509663189247590	1.516058481957850
3.798782998915310	8.619316567307350
7.284116012026440	5.326672245612380
3.507783095622470	8.992127513031940
1.651112616303880	1.564019014021710
1.713777183797950	1.036854474814890
0.826729093683890	1.870673090924380
1.197681160826830	1.999347510653090
1.378415475156870	1.287081426437150
6.803974636818150	5.027874351317430
6.874927379487390	5.574866130327450
1.300168035980830	1.065033031100900
6.713405681486160	5.282352887301010
1.198474077368690	0.894831975582739
6.230939487151440	5.260158091681940
3.272458218099980	8.742836607877160
1.440950764568600	1.807361635202920
7.151611580292300	5.314413499986760
6.816831799508380	6.059908545264030
1.001186230380980	1.526340510704170
1.562541273151900	1.622243983093920
0.693583410849297	1.638568002564590
6.787424826477740	5.853395026716280
1.301720935780490	2.049172747901410
3.675436818751150	8.527238511875950
6.611777629153620	5.647136754585450
1.269734158065680	1.571486683530250
1.821435429749070	1.916507500164620
2.906126669825450	8.911579893979660
3.097168772519990	8.483362061144580
1.019443692472600	1.126803733484380
3.805472892488380	8.736513639761960
1.234901908803540	1.553442624299610
1.660003111152050	1.228682213180300
0.811103224708653	1.224683695459560
3.371317322896480	9.115388047427380
2.785458614676170	8.772769983348070
6.463433987043520	5.850899243864030
3.514676518552900	9.107079802195750
2.699094494686400	8.596915954193420
3.014966087820800	9.210529481202530
6.360599019430450	5.691796306643230
6.554695065440730	4.951560188632950
1.420128448623540	1.193541676743320
6.893683309100340	5.678514282024300
2.971525505680960	8.941419412588780
1.106739872625370	1.342267705970130
6.090598258357100	5.464425291071330
3.004259410286940	8.528283696804350
6.871302116458450	6.174793879939040
7.094215504857190	5.347858172554930
1.278429593975360	1.446675383651250
3.430699063235650	8.548661090050220
1.223374568693110	1.518817184323060
6.767083162616340	5.406126003765490
2.272259837379150	0.550524439689569
5.894008616919310	5.211586130557120
4.130131886176850	8.621972220892300
3.063767087618360	8.391188072445550
6.556558882767590	5.292535852903270
3.397181645775740	8.687792928413570
3.113325743400660	8.535380934867800
1.188819588908680	0.949769199070905
1.098353518911410	0.824815456258613
3.171896933469650	8.485099757505010
1.591543515759350	1.506127978230890
6.099126295779860	5.490441712078890
6.182009960055360	5.193737670145790
3.703918241437210	8.299635508624150
5.835688386615100	5.461796649990290
7.000221209592610	6.063229820356350
3.667521069733370	8.281808601395260
0.879213611131396	1.215257775342120
2.715397800896150	8.516178432456840
1.493946487132800	1.631012995669280
6.295644488237840	5.623841859513630
1.299820767310560	1.472913633023730
1.221029443593150	1.261669415935130
1.556409891465970	1.560661926233750
2.924602504216360	8.043351460251460
6.484914570306780	5.379530391870630
1.112381815405410	1.205394998849300
7.485229095357400	6.005629979792070
6.795365264003650	5.135650526523650
0.972685599497065	0.625588738648823
6.477827215831810	5.102518911471270
3.010340156685780	8.382917156850790
1.208449021309140	1.023794721740510
6.837565147045200	5.902670072208090
3.051766915470710	8.851410261182900
3.297778400810980	8.573063171468420
3.259805200325230	8.844737817838750
3.346462684837080	7.953214339409590
2.765412820789620	9.059469287091590
3.973088605092280	8.756993872609910
1.356901955964570	1.073450158721040
3.768939190486470	8.267458411348750
3.367668498192050	9.093427033289830
2.969777034433720	8.703597441955710
6.539309164541870	4.985013669812670
6.661915569334690	5.458901541604980
1.140895554630030	0.603664390525784
1.083186369533630	1.503878698427570
1.656550041919360	1.765599081288800
3.472540250090800	9.063799268466660
6.512005757068290	5.079224571185050
6.902574822436840	5.824464768823760
6.610297915711900	5.745228936586000
3.988870554698650	9.108549811219250
1.829671472396370	1.731023368909320
6.988658428724380	5.708929164198370
3.140665824103750	8.872723626984920
3.926374776187040	8.840002648891360
4.024436117449170	8.245249069941680
6.599012305046770	5.657209159931060
3.113496572575210	8.686882697852560
3.241928970039410	8.325910162012250
5.693534410640560	5.202504263168620
1.266112379111660	1.344758551385060
6.769042364470740	5.570406191236880
0.676304769712042	0.896873635927326
2.901561625561550	8.641706604452190
1.292910741899690	1.202638346162670
3.861562420394470	8.518873010154190
3.335683031185530	9.093301970198600
1.178661203844310	1.748028139093830
0.946955149936647	1.541473388787060
6.856796945672740	5.445562519717110
6.590117308682010	4.975875200699630
2.866679239449020	8.956978838961460
6.619983189416500	4.909012537108760
3.231998781201030	8.435629602439150
3.108112677952500	9.340004945484980
3.858403456301490	8.812329306032050
1.906213184038940	1.752750309479460
3.862984894475330	8.530636300254330
6.270063589724080	4.615918296386120
1.562648966250930	1.270360332440260
6.486060744001840	5.565979841776310
3.389465239534930	8.630694548591160
3.334855183645760	8.244899574331080
3.937254857793040	9.245518421022710
0.784457060009841	1.636253296945240
3.126931225098560	8.984977609100830
6.783518654885780	5.416809724463230
6.479232762133860	5.310629758882750
1.579203591056580	0.843975438246902
7.191565317266430	5.652174606430250
1.298729060916860	1.031049651493470
1.310058736480490	1.119878605166660
3.505368180666520	9.176058235516110
3.249171688203870	8.889422998209380
6.400008813322120	5.249322334200910
3.460466887592820	8.626355272861070
6.529339572957550	5.589180689842110
3.442126765221010	8.572564857012490
5.989779000331920	5.514689258844220
2.946490993885770	9.117551781250410
1.373972761345500	1.298017900674510
3.134151022977240	8.748593003277060
3.214413566679920	8.695743970439010
6.510373130704370	5.052787589883020
6.220621886978130	5.118185530954670
1.265569403354440	1.194229642599250
6.305428624500000	5.597148629078300
1.216091903351860	1.422286951000630
2.920164678365410	9.005339879126100
3.212605589546920	9.055593448556570
0.708916003148619	1.385127717453290
0.751609029667702	1.515776188997200
1.389225496161630	1.089924861160510
3.561823848094050	8.616515289325990
6.609359719910710	5.805001079897140
3.362365772548160	8.810101784639490
3.334678890062840	8.881436720389470
3.337569792103430	8.490104732089950
6.564722644394190	5.185993596993760
6.470834380209560	6.217354829009220
3.793432733026630	8.638157211189160
5.888949269765670	5.832453124820420
6.431242167568350	4.970323278071190
3.200306160815550	8.590379858368750
3.596175986041560	7.824148095973590
3.232103550917650	8.622758708199760
1.493957527709060	0.722131982513533
5.672441718398830	5.930875233586980
3.927139859261340	9.066462003417580
6.466282338431990	5.128035985304630
6.716713422200460	5.417095132111070
3.426704940942920	8.740647343145950
3.210024530599150	8.711978453549260
0.985712570176711	0.863763738803667
3.325019785109050	9.070318338659870
3.367301832577190	8.873732772302730
3.466191953800300	8.328363816454880
0.812112620271346	0.999864886807338
6.508273536098170	5.904504794256410
1.315960528188890	1.231833772443650
0.170713167769934	1.685758548543380
1.311279060190820	1.223389091024000
7.058253937589090	5.501236143815530
3.358181247787610	8.355966101134510
6.406883629974000	5.199171354792450
3.666959977790390	9.021441459123760
2.963353508230690	8.612098475426240
7.002648693701810	5.322630996306740
6.171429589720360	5.651280710869810
3.069174577885650	8.553032636712230
1.974950055664520	1.696734112056210
0.917805582580224	1.392852187003960
3.370199533887540	8.273770657981820
1.684824542529710	1.770239882981630
6.811656486467540	5.391285871523720
1.501942252645800	1.326512572772260
3.518174108263500	8.686001239737050
3.681489302466070	8.602634970424070
1.521179904857200	1.125187068168110
3.650138039518600	8.876761412925360
1.664842736157100	1.042803876967770
6.714218853563110	5.476932448577070
0.906663923393665	0.781463003333532
1.536109332066440	1.666805579421540
3.046701416714090	8.346808411345410
0.708443570762911	0.838646537496520
1.766413143151020	1.631190481080860
2.969323909339530	8.888230670983740
6.494262042205850	5.267514831557050
1.440566802094880	0.903169522371021
1.345675642476060	1.032366509501230
3.046736488452120	8.832524302687220
3.186765291514090	8.794275464225890
3.462983398942110	8.390866509252330
3.178330776609330	8.945849483157960
3.253912654476910	8.676129537704330
2.162257769755950	1.451202554412390
2.249584434374790	8.376216116148860
1.461710194131460	1.257623424553600
1.592667235025820	1.223934958818750
7.192727564796570	5.196732525542380
1.967674600866670	1.736830480086110
3.421594346860620	8.774693947562080
6.413742480261720	5.091743852292700
3.581738931262530	8.980283799429200
1.271033583090350	1.354123594305020
1.653544387481480	1.860718688978420
6.529953579267870	5.413576724916450
0.997169662086886	1.314547740826490
6.155893307815780	5.790921286822390
3.231047049049980	9.030881974968490
3.333789792700930	8.358715204161960
1.489258073662170	1.308791273720600
6.943659669965560	5.913062935709330
3.339874950006960	8.473373608699460
3.154100129094570	8.511422745916040
6.707804520219860	4.794345887871140
1.807259829768590	1.089252562762710
1.177784210461060	0.967702152938626
3.157914593944950	9.069381995490930
6.283170242956120	5.833228798212670
0.891358650563723	1.050173090706330
1.195887962813190	0.947393127356754
6.833333693290680	5.251323876730960
1.014889862906280	0.507239517195788
3.377164322997930	8.944761061535310
7.012995067208050	5.383937084072760
6.794795935053410	4.814180020867040
4.093898046784670	8.983540765331360
6.706388289065250	5.761248864523550
6.404523121490890	5.522004714264470
3.267415808477560	8.906100981187860
1.568534522576460	1.237781651721900
2.963646623650980	8.708981814512740
7.014575030419380	5.698204071360840
6.497576599686920	5.799650986219490
3.546045841353370	9.733232066097690
1.505123730789600	1.097115804915640
3.526659842479750	8.177139949117820
0.989424622114667	1.097008215623140
6.716088469212360	5.892424927227660
0.681706219617389	1.191122938687810
2.060399499339260	1.238696783812860
1.275644574917760	1.768328909111760
6.669079836606620	5.660180106763910
3.365346130516500	9.437911562255580
6.735962448761590	4.774536067845530
1.458480701068090	1.231105609134680
1.592497075421390	0.309672645775497
1.273514400092730	1.326468834253670
7.015183448930310	5.756490185186240
3.435223668396020	9.189587138783630
6.045788859138620	5.076720550728060
3.588463526835710	8.780369200805140
3.595511836442780	8.247694468567170
1.528358787429970	0.724688430667825
0.793658943435273	1.445393891029450
3.535392773712030	8.667276936484780
7.406734912694010	5.474799985775630
6.524807380228590	5.420109791258660
3.305962447456220	8.807061874181930
1.338949723411450	0.821346764413334
1.671905964985750	1.369549126458990
1.122133023663660	0.977725683275076
1.585994122610160	1.053696780461850
1.275879350219340	0.837269490874518
3.555032891518290	8.914048765351520
2.884845820005260	8.931860593730140
1.005276577723890	0.876992378277519
6.736720517278630	5.779665514026620
0.872209061861475	1.813381981546960
0.878268933804697	1.380115688818960
3.250957311525400	9.103546799235890
1.654247218269230	0.899312354260713
3.197443859783050	9.225003746700690
6.744720379731120	5.678195837100810
1.404136661061850	1.159169152050070
7.065481768711890	6.135314363895440
3.285576048971800	8.791943913731980
2.860836577390590	8.404608278200050
3.045266512657370	8.362490384301110
3.453528170793090	8.836731046158980
6.452547477784030	5.899649653982210
3.132876408551060	8.985540818933890
2.573799649482710	8.822406989657260
1.791534039883410	0.977546157007868
1.430215185471440	1.315044788949680
2.988452578415270	8.350238306107490
6.380565848199920	5.120885263543050
6.971362392807420	5.438085610586110
6.767450361102410	5.376788846549070
7.188576586452030	5.635822191204430
4.000133902892290	9.235181136432870
3.444062399448740	8.755199688551690
6.095009956886540	5.158209503206500
7.133376523860930	4.813278726312870
1.567643243709650	1.412499297205200
6.291929486463490	5.142773054001940
3.417508943865530	9.254590242239590
6.833471938725860	4.729336180938260
3.093491864311300	8.692178311244460
6.557587179095680	5.869175453673300
1.450434373698260	1.276404980451320
0.851927074995844	1.251001453395670
6.887484522738230	5.326976528112080
6.279802529778310	4.752073887295460
6.974013047749590	5.503012451370780
3.989205550693750	8.362064651654910
1.385877150548950	1.285347398669310
1.044469273741920	1.566794587435540
6.411155024973890	5.387145756958690
1.841434255132750	1.077560848944510
3.124409598701460	8.620002916064400
4.156757201988190	8.731634261936620
3.140219943579560	8.770512142125610
6.591931923111370	5.788017690116350
6.819792802709040	5.589992466044010
3.340427919714620	8.478158157932260
1.305072136260730	1.095522781509990
3.582338429258210	9.334350833652050
3.558670284760950	8.80380952285